POWERSTATION node 15 DYPFALL
init_Power = 0.00000
penstock_config = SHARED
headloss_coef = 0.030000
yyyy mm dd hh [m3/s]    [Euro/MWh]  [fr_g0] [fr_g1] [m3/s] [m3/s] [m] [m] [MWh] [GWh/Mm3] [Euro] [Euro] [Euro] [Euro] [Euro] [Euro]
yyyy mm dd hh Up_Inflow Price Action_g0 Action_g1 tot_outflow auto_qmin Hnetto Hbrutto Power est_eekv income tot_cost startstopCost adjust_cost cost_aggressive_actions profit
2026 1 15 0 0.0000 24.0000 0.0000 0.0000 0.0000 0.0000 189.7913 189.7913 0.0000 0.0000  0.0000 0.0000 0.0000 0.0000 0.0000 0.0000
2026 1 15 1 0.0000 19.4400 0.0000 0.0000 0.0000 0.0000 189.8729 189.8729 0.0000 0.0000  0.0000 0.0000 0.0000 0.0000 0.0000 0.0000
2026 1 15 2 0.0000 15.9500 0.0000 0.0000 0.0000 0.0000 189.9535 189.9535 0.0000 0.0000  0.0000 0.0000 0.0000 0.0000 0.0000 0.0000
2026 1 15 3 0.0000 13.7500 0.0000 0.0000 0.0000 0.0000 190.0354 190.0354 0.0000 0.0000  0.0000 0.0000 0.0000 0.0000 0.0000 0.0000
2026 1 15 4 0.0000 13.0000 0.0000 0.0000 0.0000 0.0000 190.1193 190.1193 0.0000 0.0000  0.0000 0.0000 0.0000 0.0000 0.0000 0.0000
2026 1 15 5 0.0000 13.7500 0.0000 0.0000 0.0000 0.0000 190.2048 190.2048 0.0000 0.0000  0.0000 0.0000 0.0000 0.0000 0.0000 0.0000
2026 1 15 6 0.0000 15.9500 0.0000 0.0000 0.0000 0.0000 190.2593 190.2593 0.0000 0.0000  0.0000 0.0000 0.0000 0.0000 0.0000 0.0000
2026 1 15 7 0.0000 19.4400 0.0000 0.0000 0.0000 0.0000 190.2822 190.2822 0.0000 0.0000  0.0000 0.0000 0.0000 0.0000 0.0000 0.0000
2026 1 15 8 0.0000 24.0000 0.0000 0.0000 0.0000 0.0000 190.3044 190.3044 0.0000 0.0000  0.0000 0.0000 0.0000 0.0000 0.0000 0.0000
2026 1 15 9 0.0000 29.3100 0.0000 0.0000 0.0000 0.0000 190.3258 190.3258 0.0000 0.0000  0.0000 0.0000 0.0000 0.0000 0.0000 0.0000
2026 1 15 10 0.0000 35.0000 0.0000 0.0000 0.0000 0.0000 190.3528 190.3528 0.0000 0.0000  0.0000 0.0000 0.0000 0.0000 0.0000 0.0000
2026 1 15 11 0.0000 40.6900 0.0000 0.0000 0.0000 0.0000 190.3859 190.3859 0.0000 0.0000  0.0000 0.0000 0.0000 0.0000 0.0000 0.0000
2026 1 15 12 40.0000 46.0000 1.0000 1.0000 40.0000 0.0000 142.3902 190.3902 43.9689 0.3053  2022.5700 2.0000 2.0000 0.0000 0.0000 2020.5700
2026 1 15 13 40.0000 50.5600 1.0000 1.0000 40.0000 0.0000 142.3661 190.3661 43.9615 0.3053  2222.6921 0.0000 0.0000 0.0000 0.0000 2222.6921
2026 1 15 14 40.0000 54.0500 1.0000 1.0000 40.0000 0.0000 142.3425 190.3425 43.9542 0.3052  2375.7244 0.0000 0.0000 0.0000 0.0000 2375.7244
2026 1 15 15 40.0000 56.2500 1.0000 1.0000 40.0000 0.0000 142.3198 190.3198 43.9472 0.3052  2472.0292 0.0000 0.0000 0.0000 0.0000 2472.0292
2026 1 15 16 40.0000 57.0000 1.0000 1.0000 40.0000 0.0000 142.2982 190.2982 43.9405 0.3051  2504.6095 0.0000 0.0000 0.0000 0.0000 2504.6095
2026 1 15 17 40.0000 56.2500 1.0000 1.0000 40.0000 0.0000 142.2779 190.2779 43.9342 0.3051  2471.3014 0.0000 0.0000 0.0000 0.0000 2471.3014
2026 1 15 18 40.0000 54.0500 1.0000 1.0000 40.0000 0.0000 142.2590 190.2590 43.9284 0.3051  2374.3302 0.0000 0.0000 0.0000 0.0000 2374.3302
2026 1 15 19 40.0000 50.5600 1.0000 1.0000 40.0000 0.0000 142.2414 190.2414 43.9230 0.3050  2220.7465 0.0000 0.0000 0.0000 0.0000 2220.7465
2026 1 15 20 40.0000 46.0000 1.0000 1.0000 40.0000 0.0000 142.2252 190.2252 43.9180 0.3050  2020.2269 0.0000 0.0000 0.0000 0.0000 2020.2269
2026 1 15 21 40.0000 40.6900 1.0000 1.0000 40.0000 0.0000 142.2101 190.2101 43.9133 0.3050  1786.8322 0.0000 0.0000 0.0000 0.0000 1786.8322
2026 1 15 22 40.0000 35.0000 1.0000 1.0000 40.0000 0.0000 142.1958 190.1958 43.9089 0.3049  1536.8112 0.0000 0.0000 0.0000 0.0000 1536.8112
2026 1 15 23 40.0000 29.3100 1.0000 1.0000 40.0000 0.0000 142.1820 190.1820 43.9046 0.3049  1286.8451 0.0000 0.0000 0.0000 0.0000 1286.8451
2026 1 16 0 40.0000 24.0000 1.0000 1.0000 40.0000 0.0000 142.1935 190.1935 43.9082 0.3049  1053.7962 0.0000 0.0000 0.0000 0.0000 1053.7962
2026 1 16 1 40.0000 19.4400 1.0000 1.0000 40.0000 0.0000 142.2297 190.2297 43.9194 0.3050  853.7925 0.0000 0.0000 0.0000 0.0000 853.7925
2026 1 16 2 40.0000 15.9500 1.0000 1.0000 40.0000 0.0000 142.2654 190.2654 43.9304 0.3051  700.6898 0.0000 0.0000 0.0000 0.0000 700.6898
2026 1 16 3 40.0000 13.7500 1.0000 1.0000 40.0000 0.0000 142.3003 190.3003 43.9412 0.3051  604.1909 0.0000 0.0000 0.0000 0.0000 604.1909
2026 1 16 4 40.0000 13.0000 1.0000 1.0000 40.0000 0.0000 142.3340 190.3340 43.9516 0.3052  571.3705 0.0000 0.0000 0.0000 0.0000 571.3705
2026 1 16 5 40.0000 13.7500 1.0000 1.0000 40.0000 0.0000 142.3665 190.3665 43.9616 0.3053  604.4720 0.0000 0.0000 0.0000 0.0000 604.4720
2026 1 16 6 40.0000 15.9500 1.0000 1.0000 40.0000 0.0000 142.3661 190.3661 43.9615 0.3053  701.1857 0.0000 0.0000 0.0000 0.0000 701.1857
2026 1 16 7 40.0000 19.4400 1.0000 1.0000 40.0000 0.0000 142.3329 190.3329 43.9512 0.3052  854.4121 0.0000 0.0000 0.0000 0.0000 854.4121
2026 1 16 8 40.0000 24.0000 1.0000 1.0000 40.0000 0.0000 142.2984 190.2984 43.9406 0.3051  1054.5742 0.0000 0.0000 0.0000 0.0000 1054.5742
2026 1 16 9 40.0000 29.3100 1.0000 1.0000 40.0000 0.0000 142.2629 190.2629 43.9296 0.3051  1287.5767 0.0000 0.0000 0.0000 0.0000 1287.5767
2026 1 16 10 40.0000 35.0000 1.0000 1.0000 40.0000 0.0000 142.2329 190.2329 43.9203 0.3050  1537.2119 0.0000 0.0000 0.0000 0.0000 1537.2119
2026 1 16 11 40.0000 40.6900 1.0000 1.0000 40.0000 0.0000 142.2088 190.2088 43.9129 0.3050  1786.8157 0.0000 0.0000 0.0000 0.0000 1786.8157
2026 1 16 12 0.0000 46.0000 0.0000 0.0000 0.0000 0.0000 190.2130 190.2130 0.0000 0.0000  0.0000 2.0000 2.0000 0.0000 0.0000 -2.0000
2026 1 16 13 0.0000 50.5600 0.0000 0.0000 0.0000 0.0000 190.2461 190.2461 0.0000 0.0000  0.0000 0.0000 0.0000 0.0000 0.0000 0.0000
2026 1 16 14 0.0000 54.0500 0.0000 0.0000 0.0000 0.0000 190.2797 190.2797 0.0000 0.0000  0.0000 0.0000 0.0000 0.0000 0.0000 0.0000
2026 1 16 15 0.0000 56.2500 0.0000 0.0000 0.0000 0.0000 190.3141 190.3141 0.0000 0.0000  0.0000 0.0000 0.0000 0.0000 0.0000 0.0000
2026 1 16 16 0.0000 57.0000 0.0000 0.0000 0.0000 0.0000 190.3496 190.3496 0.0000 0.0000  0.0000 0.0000 0.0000 0.0000 0.0000 0.0000
2026 1 16 17 0.0000 56.2500 0.0000 0.0000 0.0000 0.0000 190.3865 190.3865 0.0000 0.0000  0.0000 0.0000 0.0000 0.0000 0.0000 0.0000
2026 1 16 18 0.0000 54.0500 0.0000 0.0000 0.0000 0.0000 190.4247 190.4247 0.0000 0.0000  0.0000 0.0000 0.0000 0.0000 0.0000 0.0000
2026 1 16 19 0.0000 50.5600 0.0000 0.0000 0.0000 0.0000 190.4643 190.4643 0.0000 0.0000  0.0000 0.0000 0.0000 0.0000 0.0000 0.0000
2026 1 16 20 0.0000 46.0000 0.0000 0.0000 0.0000 0.0000 190.5052 190.5052 0.0000 0.0000  0.0000 0.0000 0.0000 0.0000 0.0000 0.0000
2026 1 16 21 0.0000 40.6900 0.0000 0.0000 0.0000 0.0000 190.5472 190.5472 0.0000 0.0000  0.0000 0.0000 0.0000 0.0000 0.0000 0.0000
2026 1 16 22 0.0000 35.0000 0.0000 0.0000 0.0000 0.0000 190.5901 190.5901 0.0000 0.0000  0.0000 0.0000 0.0000 0.0000 0.0000 0.0000
2026 1 16 23 0.0000 29.3100 0.0000 0.0000 0.0000 0.0000 190.6335 190.6335 0.0000 0.0000  0.0000 0.0000 0.0000 0.0000 0.0000 0.0000
2026 1 17 0 40.0000 24.0000 1.0000 1.0000 40.0000 0.0000 142.6735 190.6735 44.0564 0.3059  1057.3536 2.0000 2.0000 0.0000 0.0000 1055.3536
2026 1 17 1 40.0000 19.4400 1.0000 1.0000 40.0000 0.0000 142.7097 190.7097 44.0676 0.3060  856.6740 0.0000 0.0000 0.0000 0.0000 856.6740
2026 1 17 2 40.0000 15.9500 1.0000 1.0000 40.0000 0.0000 142.7454 190.7454 44.0786 0.3061  703.0539 0.0000 0.0000 0.0000 0.0000 703.0539
2026 1 17 3 40.0000 13.7500 1.0000 1.0000 40.0000 0.0000 142.7803 190.7803 44.0894 0.3062  606.2290 0.0000 0.0000 0.0000 0.0000 606.2290
2026 1 17 4 40.0000 13.0000 1.0000 1.0000 40.0000 0.0000 142.8140 190.8140 44.0998 0.3062  573.2974 0.0000 0.0000 0.0000 0.0000 573.2974
2026 1 17 5 40.0000 13.7500 1.0000 1.0000 40.0000 0.0000 142.8465 190.8465 44.1098 0.3063  606.5100 0.0000 0.0000 0.0000 0.0000 606.5100
2026 1 17 6 40.0000 15.9500 1.0000 1.0000 40.0000 0.0000 142.8461 190.8461 44.1097 0.3063  703.5498 0.0000 0.0000 0.0000 0.0000 703.5498
2026 1 17 7 40.0000 19.4400 1.0000 1.0000 40.0000 0.0000 142.8129 190.8129 44.0995 0.3062  857.2936 0.0000 0.0000 0.0000 0.0000 857.2936
2026 1 17 8 40.0000 24.0000 1.0000 1.0000 40.0000 0.0000 142.7785 190.7785 44.0888 0.3062  1058.1316 0.0000 0.0000 0.0000 0.0000 1058.1316
2026 1 17 9 40.0000 29.3100 1.0000 1.0000 40.0000 0.0000 142.7429 190.7429 44.0778 0.3061  1291.9211 0.0000 0.0000 0.0000 0.0000 1291.9211
2026 1 17 10 40.0000 35.0000 1.0000 1.0000 40.0000 0.0000 142.7129 190.7129 44.0686 0.3060  1542.3997 0.0000 0.0000 0.0000 0.0000 1542.3997
2026 1 17 11 40.0000 40.6900 1.0000 1.0000 40.0000 0.0000 142.6888 190.6888 44.0611 0.3060  1792.8469 0.0000 0.0000 0.0000 0.0000 1792.8469
2026 1 17 12 40.0000 46.0000 1.0000 1.0000 40.0000 0.0000 142.6645 190.6645 44.0536 0.3059  2026.4665 0.0000 0.0000 0.0000 0.0000 2026.4665
2026 1 17 13 40.0000 50.5600 1.0000 1.0000 40.0000 0.0000 142.6404 190.6404 44.0462 0.3059  2226.9748 0.0000 0.0000 0.0000 0.0000 2226.9748
2026 1 17 14 40.0000 54.0500 1.0000 1.0000 40.0000 0.0000 142.6168 190.6168 44.0389 0.3058  2380.3025 0.0000 0.0000 0.0000 0.0000 2380.3025
2026 1 17 15 40.0000 56.2500 1.0000 1.0000 40.0000 0.0000 142.5941 190.5941 44.0319 0.3058  2476.7937 0.0000 0.0000 0.0000 0.0000 2476.7937
2026 1 17 16 40.0000 57.0000 1.0000 1.0000 40.0000 0.0000 142.5725 190.5725 44.0252 0.3057  2509.4374 0.0000 0.0000 0.0000 0.0000 2509.4374
2026 1 17 17 40.0000 56.2500 1.0000 1.0000 40.0000 0.0000 142.5522 190.5522 44.0189 0.3057  2476.0657 0.0000 0.0000 0.0000 0.0000 2476.0657
2026 1 17 18 40.0000 54.0500 1.0000 1.0000 40.0000 0.0000 142.5333 190.5333 44.0131 0.3056  2378.9082 0.0000 0.0000 0.0000 0.0000 2378.9082
2026 1 17 19 40.0000 50.5600 1.0000 1.0000 40.0000 0.0000 142.5157 190.5157 44.0077 0.3056  2225.0289 0.0000 0.0000 0.0000 0.0000 2225.0289
2026 1 17 20 40.0000 46.0000 1.0000 1.0000 40.0000 0.0000 142.4995 190.4995 44.0027 0.3056  2024.1230 0.0000 0.0000 0.0000 0.0000 2024.1230
2026 1 17 21 40.0000 40.6900 1.0000 1.0000 40.0000 0.0000 142.4844 190.4844 43.9980 0.3055  1790.2786 0.0000 0.0000 0.0000 0.0000 1790.2786
2026 1 17 22 40.0000 35.0000 1.0000 1.0000 40.0000 0.0000 142.4701 190.4701 43.9936 0.3055  1539.7757 0.0000 0.0000 0.0000 0.0000 1539.7757
2026 1 17 23 40.0000 29.3100 1.0000 1.0000 40.0000 0.0000 142.4563 190.4563 43.9893 0.3055  1289.3277 0.0000 0.0000 0.0000 0.0000 1289.3277
