POWERSTATION node 17 TIDEVERK
init_Power = 0.00000
penstock_config = SHARED
headloss_coef = 0.000250
yyyy mm dd hh [m3/s]    [Euro/MWh]  [fr_g0] [fr_g1] [m3/s] [m3/s] [m] [m] [MWh] [GWh/Mm3] [Euro] [Euro] [Euro] [Euro] [Euro] [Euro]
yyyy mm dd hh Up_Inflow Price Action_g0 Action_g1 tot_outflow auto_qmin Hnetto Hbrutto Power est_eekv income tot_cost startstopCost adjust_cost cost_aggressive_actions profit
2026 1 15 0 45.0000 24.0000 0.7500 0.7500 45.0000 0.0000 15.4097 15.9159 5.8102 0.0359  139.4437 3.0000 3.0000 0.0000 0.0000 136.4437
2026 1 15 1 45.0000 19.4400 0.7500 0.7500 45.0000 0.0000 15.2414 15.7477 5.7467 0.0355  111.7164 0.0000 0.0000 0.0000 0.0000 111.7164
2026 1 15 2 45.0000 15.9500 0.7500 0.7500 45.0000 0.0000 15.0732 15.5794 5.6833 0.0351  90.6482 0.0000 0.0000 0.0000 0.0000 90.6482
2026 1 15 3 45.0000 13.7500 0.7500 0.7500 45.0000 0.0000 14.9048 15.4111 5.6198 0.0347  77.2722 0.0000 0.0000 0.0000 0.0000 77.2722
2026 1 15 4 45.0000 13.0000 0.7500 0.7500 45.0000 0.0000 14.7364 15.2427 5.5563 0.0343  72.2320 0.0000 0.0000 0.0000 0.0000 72.2320
2026 1 15 5 45.0000 13.7500 0.7500 0.7500 45.0000 0.0000 14.5681 15.0743 5.4928 0.0339  75.5264 0.0000 0.0000 0.0000 0.0000 75.5264
2026 1 15 6 45.0000 15.9500 0.7500 0.7500 45.0000 0.0000 14.4289 14.9352 5.4404 0.0336  86.7738 0.0000 0.0000 0.0000 0.0000 86.7738
2026 1 15 7 45.0000 19.4400 0.7500 0.7500 45.0000 0.0000 14.3190 14.8252 5.3989 0.0333  104.9550 0.0000 0.0000 0.0000 0.0000 104.9550
2026 1 15 8 45.0000 24.0000 0.7500 0.7500 45.0000 0.0000 14.2092 14.7154 5.3575 0.0331  128.5803 0.0000 0.0000 0.0000 0.0000 128.5803
2026 1 15 9 45.0000 29.3100 0.7500 0.7500 45.0000 0.0000 14.0995 14.6057 5.3161 0.0328  155.8161 0.0000 0.0000 0.0000 0.0000 155.8161
2026 1 15 10 45.0000 35.0000 0.7500 0.7500 45.0000 0.0000 13.9898 14.4961 5.2748 0.0326  184.6185 0.0000 0.0000 0.0000 0.0000 184.6185
2026 1 15 11 45.0000 40.6900 0.7500 0.7500 45.0000 0.0000 13.8803 14.3866 5.2335 0.0323  212.9521 0.0000 0.0000 0.0000 0.0000 212.9521
2026 1 15 12 45.0000 46.0000 0.7500 0.7500 45.0000 0.0000 13.8042 14.3105 5.2048 0.0321  239.4225 0.0000 0.0000 0.0000 0.0000 239.4225
2026 1 15 13 45.0000 50.5600 0.7500 0.7500 45.0000 0.0000 13.7616 14.2678 5.1887 0.0320  262.3431 0.0000 0.0000 0.0000 0.0000 262.3431
2026 1 15 14 45.0000 54.0500 0.7500 0.7500 45.0000 0.0000 13.7190 14.2252 5.1727 0.0319  279.5833 0.0000 0.0000 0.0000 0.0000 279.5833
2026 1 15 15 45.0000 56.2500 0.7500 0.7500 45.0000 0.0000 13.6764 14.1826 5.1566 0.0318  290.0599 0.0000 0.0000 0.0000 0.0000 290.0599
2026 1 15 16 45.0000 57.0000 0.7500 0.7500 45.0000 0.0000 13.6338 14.1400 5.1406 0.0317  293.0120 0.0000 0.0000 0.0000 0.0000 293.0120
2026 1 15 17 45.0000 56.2500 0.7500 0.7500 45.0000 0.0000 13.5912 14.0974 5.1245 0.0316  288.2527 0.0000 0.0000 0.0000 0.0000 288.2527
2026 1 15 18 45.0000 54.0500 0.7500 0.7500 45.0000 0.0000 13.5485 14.0547 5.1084 0.0315  276.1092 0.0000 0.0000 0.0000 0.0000 276.1092
2026 1 15 19 45.0000 50.5600 0.7500 0.7500 45.0000 0.0000 13.5057 14.0120 5.0923 0.0314  257.4659 0.0000 0.0000 0.0000 0.0000 257.4659
2026 1 15 20 9.0000 46.0000 0.1500 0.1500 9.0000 0.0000 13.9789 13.9991 0.7403 0.0228  34.0522 0.0000 0.0000 0.0000 0.0000 34.0522
2026 1 15 21 9.0000 40.6900 0.1500 0.1500 9.0000 0.0000 13.9959 14.0162 0.7412 0.0229  30.1581 0.0000 0.0000 0.0000 0.0000 30.1581
2026 1 15 22 9.0000 35.0000 0.1500 0.1500 9.0000 0.0000 14.0129 14.0331 0.7421 0.0229  25.9723 0.0000 0.0000 0.0000 0.0000 25.9723
2026 1 15 23 9.0000 29.3100 0.1500 0.1500 9.0000 0.0000 14.0297 14.0500 0.7430 0.0229  21.7761 0.0000 0.0000 0.0000 0.0000 21.7761
2026 1 16 0 9.0000 24.0000 0.1500 0.1500 9.0000 0.0000 14.0173 14.0376 0.7423 0.0229  17.8152 0.0000 0.0000 0.0000 0.0000 17.8152
2026 1 16 1 9.0000 19.4400 0.1500 0.1500 9.0000 0.0000 13.9757 13.9959 0.7401 0.0228  14.3874 0.0000 0.0000 0.0000 0.0000 14.3874
2026 1 16 2 9.0000 15.9500 0.1500 0.1500 9.0000 0.0000 13.9339 13.9542 0.7379 0.0228  11.7693 0.0000 0.0000 0.0000 0.0000 11.7693
2026 1 16 3 9.0000 13.7500 0.1500 0.1500 9.0000 0.0000 13.8922 13.9124 0.7357 0.0227  10.1155 0.0000 0.0000 0.0000 0.0000 10.1155
2026 1 16 4 9.0000 13.0000 0.1500 0.1500 9.0000 0.0000 13.8505 13.8707 0.7335 0.0226  9.5350 0.0000 0.0000 0.0000 0.0000 9.5350
2026 1 16 5 9.0000 13.7500 0.1500 0.1500 9.0000 0.0000 13.8087 13.8290 0.7313 0.0226  10.0547 0.0000 0.0000 0.0000 0.0000 10.0547
2026 1 16 6 22.5000 15.9500 0.7500 0.0000 22.5000 0.0000 13.6787 13.8052 2.5787 0.0318  41.1310 1.5000 1.5000 0.0000 0.0000 39.6310
2026 1 16 7 22.5000 19.4400 0.7500 0.0000 22.5000 0.0000 13.6729 13.7995 2.5777 0.0318  50.1098 0.0000 0.0000 0.0000 0.0000 50.1098
2026 1 16 8 22.5000 24.0000 0.7500 0.0000 22.5000 0.0000 13.6673 13.7938 2.5766 0.0318  61.8383 0.0000 0.0000 0.0000 0.0000 61.8383
2026 1 16 9 22.5000 29.3100 0.7500 0.0000 22.5000 0.0000 13.6617 13.7883 2.5755 0.0318  75.4893 0.0000 0.0000 0.0000 0.0000 75.4893
2026 1 16 10 22.5000 35.0000 0.7500 0.0000 22.5000 0.0000 13.6563 13.7828 2.5745 0.0318  90.1083 0.0000 0.0000 0.0000 0.0000 90.1083
2026 1 16 11 22.5000 40.6900 0.7500 0.0000 22.5000 0.0000 13.6509 13.7775 2.5735 0.0318  104.7163 0.0000 0.0000 0.0000 0.0000 104.7163
2026 1 16 12 22.5000 46.0000 0.7500 0.0000 22.5000 0.0000 13.6123 13.7389 2.5662 0.0317  118.0471 0.0000 0.0000 0.0000 0.0000 118.0471
2026 1 16 13 22.5000 50.5600 0.7500 0.0000 22.5000 0.0000 13.5405 13.6671 2.5527 0.0315  129.0644 0.0000 0.0000 0.0000 0.0000 129.0644
2026 1 16 14 22.5000 54.0500 0.7500 0.0000 22.5000 0.0000 13.4687 13.5953 2.5392 0.0313  137.2419 0.0000 0.0000 0.0000 0.0000 137.2419
2026 1 16 15 22.5000 56.2500 0.7500 0.0000 22.5000 0.0000 13.3970 13.5235 2.5256 0.0312  142.0671 0.0000 0.0000 0.0000 0.0000 142.0671
2026 1 16 16 22.5000 57.0000 0.7500 0.0000 22.5000 0.0000 13.3252 13.4518 2.5121 0.0310  143.1902 0.0000 0.0000 0.0000 0.0000 143.1902
2026 1 16 17 22.5000 56.2500 0.7500 0.0000 22.5000 0.0000 13.2534 13.3800 2.4986 0.0308  140.5449 0.0000 0.0000 0.0000 0.0000 140.5449
2026 1 16 18 22.5000 54.0500 0.7500 0.0000 22.5000 0.0000 13.1816 13.3081 2.4850 0.0307  134.3160 0.0000 0.0000 0.0000 0.0000 134.3160
2026 1 16 19 22.5000 50.5600 0.7500 0.0000 22.5000 0.0000 13.1097 13.2362 2.4715 0.0305  124.9578 0.0000 0.0000 0.0000 0.0000 124.9578
2026 1 16 20 22.5000 46.0000 0.7500 0.0000 22.5000 0.0000 13.0377 13.1642 2.4579 0.0303  113.0634 0.0000 0.0000 0.0000 0.0000 113.0634
2026 1 16 21 22.5000 40.6900 0.7500 0.0000 22.5000 0.0000 12.9656 13.0921 2.4443 0.0302  99.4588 0.0000 0.0000 0.0000 0.0000 99.4588
2026 1 16 22 22.5000 35.0000 0.7500 0.0000 22.5000 0.0000 12.8933 13.0199 2.4307 0.0300  85.0741 0.0000 0.0000 0.0000 0.0000 85.0741
2026 1 16 23 22.5000 29.3100 0.7500 0.0000 22.5000 0.0000 12.8210 12.9476 2.4171 0.0298  70.8439 0.0000 0.0000 0.0000 0.0000 70.8439
2026 1 17 0 22.5000 24.0000 0.7500 0.0000 22.5000 0.0000 12.7528 12.8793 2.4042 0.0297  57.7005 0.0000 0.0000 0.0000 0.0000 57.7005
2026 1 17 1 22.5000 19.4400 0.7500 0.0000 22.5000 0.0000 12.6886 12.8152 2.3921 0.0295  46.5023 0.0000 0.0000 0.0000 0.0000 46.5023
2026 1 17 2 22.5000 15.9500 0.7500 0.0000 22.5000 0.0000 12.6244 12.7509 2.3800 0.0294  37.9608 0.0000 0.0000 0.0000 0.0000 37.9608
2026 1 17 3 22.5000 13.7500 0.7500 0.0000 22.5000 0.0000 12.5601 12.6867 2.3679 0.0292  32.5583 0.0000 0.0000 0.0000 0.0000 32.5583
2026 1 17 4 0.0000 13.0000 0.0000 0.0000 0.0000 0.0000 12.6412 12.6412 0.0000 0.0000  0.0000 1.5000 1.5000 0.0000 0.0000 -1.5000
2026 1 17 5 0.0000 13.7500 0.0000 0.0000 0.0000 0.0000 12.6145 12.6145 0.0000 0.0000  0.0000 0.0000 0.0000 0.0000 0.0000 0.0000
2026 1 17 6 0.0000 15.9500 0.0000 0.0000 0.0000 0.0000 12.6170 12.6170 0.0000 0.0000  0.0000 0.0000 0.0000 0.0000 0.0000 0.0000
2026 1 17 7 0.0000 19.4400 0.0000 0.0000 0.0000 0.0000 12.6487 12.6487 0.0000 0.0000  0.0000 0.0000 0.0000 0.0000 0.0000 0.0000
2026 1 17 8 0.0000 24.0000 0.0000 0.0000 0.0000 0.0000 12.6806 12.6806 0.0000 0.0000  0.0000 0.0000 0.0000 0.0000 0.0000 0.0000
2026 1 17 9 0.0000 29.3100 0.0000 0.0000 0.0000 0.0000 12.7125 12.7125 0.0000 0.0000  0.0000 0.0000 0.0000 0.0000 0.0000 0.0000
2026 1 17 10 0.0000 35.0000 0.0000 0.0000 0.0000 0.0000 12.7446 12.7446 0.0000 0.0000  0.0000 0.0000 0.0000 0.0000 0.0000 0.0000
2026 1 17 11 0.0000 40.6900 0.0000 0.0000 0.0000 0.0000 12.7767 12.7767 0.0000 0.0000  0.0000 0.0000 0.0000 0.0000 0.0000 0.0000
2026 1 17 12 0.0000 46.0000 0.0000 0.0000 0.0000 0.0000 12.8090 12.8090 0.0000 0.0000  0.0000 0.0000 0.0000 0.0000 0.0000 0.0000
2026 1 17 13 0.0000 50.5600 0.0000 0.0000 0.0000 0.0000 12.8413 12.8413 0.0000 0.0000  0.0000 0.0000 0.0000 0.0000 0.0000 0.0000
2026 1 17 14 0.0000 54.0500 0.0000 0.0000 0.0000 0.0000 12.8737 12.8737 0.0000 0.0000  0.0000 0.0000 0.0000 0.0000 0.0000 0.0000
2026 1 17 15 0.0000 56.2500 0.0000 0.0000 0.0000 0.0000 12.9061 12.9061 0.0000 0.0000  0.0000 0.0000 0.0000 0.0000 0.0000 0.0000
2026 1 17 16 0.0000 57.0000 0.0000 0.0000 0.0000 0.0000 12.9385 12.9385 0.0000 0.0000  0.0000 0.0000 0.0000 0.0000 0.0000 0.0000
2026 1 17 17 0.0000 56.2500 0.0000 0.0000 0.0000 0.0000 12.9709 12.9709 0.0000 0.0000  0.0000 0.0000 0.0000 0.0000 0.0000 0.0000
2026 1 17 18 22.5000 54.0500 0.7500 0.0000 22.5000 0.0000 12.8579 12.9845 2.4240 0.0299  131.0180 1.5000 1.5000 0.0000 0.0000 129.5180
2026 1 17 19 22.5000 50.5600 0.7500 0.0000 22.5000 0.0000 12.8527 12.9792 2.4230 0.0299  122.5081 0.0000 0.0000 0.0000 0.0000 122.5081
2026 1 17 20 22.5000 46.0000 0.7500 0.0000 22.5000 0.0000 12.8473 12.9739 2.4220 0.0299  111.4128 0.0000 0.0000 0.0000 0.0000 111.4128
2026 1 17 21 22.5000 40.6900 0.7500 0.0000 22.5000 0.0000 12.8419 12.9684 2.4210 0.0299  98.5101 0.0000 0.0000 0.0000 0.0000 98.5101
2026 1 17 22 22.5000 35.0000 0.7500 0.0000 22.5000 0.0000 12.8363 12.9629 2.4199 0.0299  84.6980 0.0000 0.0000 0.0000 0.0000 84.6980
2026 1 17 23 22.5000 29.3100 0.7500 0.0000 22.5000 0.0000 12.8307 12.9572 2.4189 0.0299  70.8973 0.0000 0.0000 0.0000 0.0000 70.8973
