POWERSTATION node 13 HEIMFOSS
init_Power = 0.00000
penstock_config = SHARED
headloss_coef = 0.045000
yyyy mm dd hh [m3/s]    [Euro/MWh]  [fr_g0] [fr_g1] [fr_g2] [m3/s] [m3/s] [m] [m] [MWh] [GWh/Mm3] [Euro] [Euro] [Euro] [Euro] [Euro] [Euro]
yyyy mm dd hh Up_Inflow Price Action_g0 Action_g1 Action_g2 tot_outflow auto_qmin Hnetto Hbrutto Power est_eekv income tot_cost startstopCost adjust_cost cost_aggressive_actions profit
2026 1 15 0 10.5000 24.0000 0.7000 0.7000 0.7000 10.5000 0.0000 101.0289 105.9902 8.9881 0.2378  215.7152 2.2500 2.2500 0.0000 0.0000 213.4652
2026 1 15 1 10.3725 19.4400 0.6915 0.6915 0.6915 10.3725 0.0000 101.1290 105.9705 8.9004 0.2384  173.0234 0.0000 0.0000 0.0000 0.0000 173.0234
2026 1 15 2 9.9975 15.9500 0.6665 0.6665 0.6665 9.9975 0.0000 101.4535 105.9513 8.6419 0.2401  137.8388 0.0000 0.0000 0.0000 0.0000 137.8388
2026 1 15 3 9.4020 13.7500 0.6268 0.6268 0.6268 9.4020 0.0000 101.9551 105.9330 8.2211 0.2429  113.0402 0.0000 0.0000 0.0000 0.0000 113.0402
2026 1 15 4 8.6250 13.0000 0.5750 0.5750 0.5750 8.6250 0.0000 102.5689 105.9165 7.6310 0.2458  99.2028 0.0000 0.0000 0.0000 0.0000 99.2028
2026 1 15 5 7.7205 13.7500 0.5147 0.5147 0.5147 7.7205 0.0000 103.2198 105.9021 6.8967 0.2481  94.8296 0.0000 0.0000 0.0000 0.0000 94.8296
2026 1 15 6 6.7500 15.9500 0.4500 0.4500 0.4500 6.7500 0.0000 103.8540 105.9043 6.0057 0.2471  95.7901 0.0000 0.0000 0.0000 0.0000 95.7901
2026 1 15 7 5.7795 19.4400 0.3853 0.3853 0.3853 5.7795 0.0000 104.4201 105.9232 5.0800 0.2442  98.7549 0.0000 0.0000 0.0000 0.0000 98.7549
2026 1 15 8 4.8750 24.0000 0.3250 0.3250 0.3250 4.8750 0.0000 104.8755 105.9449 4.1875 0.2386  100.5011 0.0000 0.0000 0.0000 0.0000 100.5011
2026 1 15 9 4.0980 29.3100 0.2732 0.2732 0.2732 4.0980 0.0000 105.2134 105.9691 3.3712 0.2285  98.8100 0.0000 0.0000 0.0000 0.0000 98.8100
2026 1 15 10 3.5025 35.0000 0.2335 0.2335 0.2335 3.5025 0.0000 105.4293 105.9813 2.7354 0.2169  95.7395 0.0000 0.0000 0.0000 0.0000 95.7395
2026 1 15 11 3.1275 40.6900 0.2085 0.2085 0.2085 3.1275 0.0000 105.5410 105.9811 2.3597 0.2096  96.0152 0.0000 0.0000 0.0000 0.0000 96.0152
2026 1 15 12 3.0000 46.0000 0.2000 0.2000 0.2000 3.0000 0.0000 105.5770 105.9820 2.2364 0.2071  102.8730 0.0000 0.0000 0.0000 0.0000 102.8730
2026 1 15 13 3.1275 50.5600 0.2085 0.2085 0.2085 3.1275 0.0000 105.5430 105.9831 2.3597 0.2096  119.3075 0.0000 0.0000 0.0000 0.0000 119.3075
2026 1 15 14 3.5025 54.0500 0.2335 0.2335 0.2335 3.5025 0.0000 105.4319 105.9839 2.7355 0.2169  147.8529 0.0000 0.0000 0.0000 0.0000 147.8529
2026 1 15 15 4.0980 56.2500 0.2732 0.2732 0.2732 4.0980 0.0000 105.2280 105.9837 3.3717 0.2285  189.6565 0.0000 0.0000 0.0000 0.0000 189.6565
2026 1 15 16 4.8750 57.0000 0.3250 0.3250 0.3250 4.8750 0.0000 104.9123 105.9818 4.1890 0.2387  238.7741 0.0000 0.0000 0.0000 0.0000 238.7741
2026 1 15 17 5.7795 56.2500 0.3853 0.3853 0.3853 5.7795 0.0000 104.4746 105.9777 5.0826 0.2443  285.8981 0.0000 0.0000 0.0000 0.0000 285.8981
2026 1 15 18 6.7500 54.0500 0.4500 0.4500 0.4500 6.7500 0.0000 103.9208 105.9711 6.0095 0.2473  324.8145 0.0000 0.0000 0.0000 0.0000 324.8145
2026 1 15 19 7.7205 50.5600 0.5147 0.5147 0.5147 7.7205 0.0000 103.2796 105.9619 6.9007 0.2483  348.8989 0.0000 0.0000 0.0000 0.0000 348.8989
2026 1 15 20 8.6250 46.0000 0.5750 0.5750 0.5750 8.6250 0.0000 102.6023 105.9499 7.6335 0.2458  351.1397 0.0000 0.0000 0.0000 0.0000 351.1397
2026 1 15 21 9.4020 40.6900 0.6268 0.6268 0.6268 9.4020 0.0000 101.9575 105.9354 8.2213 0.2429  334.5245 0.0000 0.0000 0.0000 0.0000 334.5245
2026 1 15 22 9.9975 35.0000 0.6665 0.6665 0.6665 9.9975 0.0000 101.4210 105.9188 8.6392 0.2400  302.3709 0.0000 0.0000 0.0000 0.0000 302.3709
2026 1 15 23 10.3725 29.3100 0.6915 0.6915 0.6915 10.3725 0.0000 101.0590 105.9005 8.8942 0.2382  260.6896 0.0000 0.0000 0.0000 0.0000 260.6896
2026 1 16 0 10.5000 24.0000 0.7000 0.7000 0.7000 10.5000 0.0000 100.9200 105.8812 8.9784 0.2375  215.4826 0.0000 0.0000 0.0000 0.0000 215.4826
2026 1 16 1 10.3725 19.4400 0.6915 0.6915 0.6915 10.3725 0.0000 101.0201 105.8616 8.8908 0.2381  172.8370 0.0000 0.0000 0.0000 0.0000 172.8370
2026 1 16 2 9.9975 15.9500 0.6665 0.6665 0.6665 9.9975 0.0000 101.3446 105.8423 8.6327 0.2399  137.6908 0.0000 0.0000 0.0000 0.0000 137.6908
2026 1 16 3 9.4020 13.7500 0.6268 0.6268 0.6268 9.4020 0.0000 101.8462 105.8241 8.2123 0.2426  112.9194 0.0000 0.0000 0.0000 0.0000 112.9194
2026 1 16 4 8.6250 13.0000 0.5750 0.5750 0.5750 8.6250 0.0000 102.4599 105.8075 7.6229 0.2455  99.0975 0.0000 0.0000 0.0000 0.0000 99.0975
2026 1 16 5 7.7205 13.7500 0.5147 0.5147 0.5147 7.7205 0.0000 103.1109 105.7931 6.8894 0.2479  94.7295 0.0000 0.0000 0.0000 0.0000 94.7295
2026 1 16 6 6.7500 15.9500 0.4500 0.4500 0.4500 6.7500 0.0000 103.7450 105.7953 5.9994 0.2469  95.6897 0.0000 0.0000 0.0000 0.0000 95.6897
2026 1 16 7 5.7795 19.4400 0.3853 0.3853 0.3853 5.7795 0.0000 104.3112 105.8143 5.0747 0.2439  98.6518 0.0000 0.0000 0.0000 0.0000 98.6518
2026 1 16 8 4.8750 24.0000 0.3250 0.3250 0.3250 4.8750 0.0000 104.7665 105.8360 4.1832 0.2384  100.3967 0.0000 0.0000 0.0000 0.0000 100.3967
2026 1 16 9 4.0980 29.3100 0.2732 0.2732 0.2732 4.0980 0.0000 105.1044 105.8602 3.3677 0.2283  98.7077 0.0000 0.0000 0.0000 0.0000 98.7077
2026 1 16 10 3.5025 35.0000 0.2335 0.2335 0.2335 3.5025 0.0000 105.3204 105.8724 2.7326 0.2167  95.6406 0.0000 0.0000 0.0000 0.0000 95.6406
2026 1 16 11 3.1275 40.6900 0.2085 0.2085 0.2085 3.1275 0.0000 105.4320 105.8722 2.3572 0.2094  95.9161 0.0000 0.0000 0.0000 0.0000 95.9161
2026 1 16 12 3.0000 46.0000 0.2000 0.2000 0.2000 3.0000 0.0000 105.4680 105.8730 2.2341 0.2069  102.7669 0.0000 0.0000 0.0000 0.0000 102.7669
2026 1 16 13 3.1275 50.5600 0.2085 0.2085 0.2085 3.1275 0.0000 105.4340 105.8742 2.3573 0.2094  119.1843 0.0000 0.0000 0.0000 0.0000 119.1843
2026 1 16 14 3.5025 54.0500 0.2335 0.2335 0.2335 3.5025 0.0000 105.3230 105.8750 2.7327 0.2167  147.7001 0.0000 0.0000 0.0000 0.0000 147.7001
2026 1 16 15 4.0980 56.2500 0.2732 0.2732 0.2732 4.0980 0.0000 105.1190 105.8748 3.3682 0.2283  189.4602 0.0000 0.0000 0.0000 0.0000 189.4602
2026 1 16 16 4.8750 57.0000 0.3250 0.3250 0.3250 4.8750 0.0000 104.8034 105.8728 4.1847 0.2384  238.5261 0.0000 0.0000 0.0000 0.0000 238.5261
2026 1 16 17 5.7795 56.2500 0.3853 0.3853 0.3853 5.7795 0.0000 104.3657 105.8688 5.0773 0.2440  285.6000 0.0000 0.0000 0.0000 0.0000 285.6000
2026 1 16 18 6.7500 54.0500 0.4500 0.4500 0.4500 6.7500 0.0000 103.8119 105.8622 6.0032 0.2470  324.4739 0.0000 0.0000 0.0000 0.0000 324.4739
2026 1 16 19 7.7205 50.5600 0.5147 0.5147 0.5147 7.7205 0.0000 103.1706 105.8529 6.8934 0.2480  348.5309 0.0000 0.0000 0.0000 0.0000 348.5309
2026 1 16 20 8.6250 46.0000 0.5750 0.5750 0.5750 8.6250 0.0000 102.4934 105.8410 7.6254 0.2456  350.7669 0.0000 0.0000 0.0000 0.0000 350.7669
2026 1 16 21 9.4020 40.6900 0.6268 0.6268 0.6268 9.4020 0.0000 101.8486 105.8265 8.2125 0.2426  334.1671 0.0000 0.0000 0.0000 0.0000 334.1671
2026 1 16 22 9.9975 35.0000 0.6665 0.6665 0.6665 9.9975 0.0000 101.3121 105.8099 8.6299 0.2398  302.0461 0.0000 0.0000 0.0000 0.0000 302.0461
2026 1 16 23 10.3725 29.3100 0.6915 0.6915 0.6915 10.3725 0.0000 100.9501 105.7916 8.8846 0.2379  260.4085 0.0000 0.0000 0.0000 0.0000 260.4085
2026 1 17 0 10.5000 24.0000 0.7000 0.7000 0.7000 10.5000 0.0000 100.8110 105.7723 8.9687 0.2373  215.2500 0.0000 0.0000 0.0000 0.0000 215.2500
2026 1 17 1 10.3725 19.4400 0.6915 0.6915 0.6915 10.3725 0.0000 100.9112 105.7527 8.8812 0.2378  172.6506 0.0000 0.0000 0.0000 0.0000 172.6506
2026 1 17 2 9.9975 15.9500 0.6665 0.6665 0.6665 9.9975 0.0000 101.2356 105.7334 8.6234 0.2396  137.5428 0.0000 0.0000 0.0000 0.0000 137.5428
2026 1 17 3 9.4020 13.7500 0.6268 0.6268 0.6268 9.4020 0.0000 101.7373 105.7151 8.2035 0.2424  112.7986 0.0000 0.0000 0.0000 0.0000 112.7986
2026 1 17 4 8.6250 13.0000 0.5750 0.5750 0.5750 8.6250 0.0000 102.3510 105.6986 7.6148 0.2452  98.9921 0.0000 0.0000 0.0000 0.0000 98.9921
2026 1 17 5 7.7205 13.7500 0.5147 0.5147 0.5147 7.7205 0.0000 103.0019 105.6842 6.8821 0.2476  94.6294 0.0000 0.0000 0.0000 0.0000 94.6294
2026 1 17 6 6.7500 15.9500 0.4500 0.4500 0.4500 6.7500 0.0000 103.6361 105.6864 5.9931 0.2466  95.5892 0.0000 0.0000 0.0000 0.0000 95.5892
2026 1 17 7 5.7795 19.4400 0.3853 0.3853 0.3853 5.7795 0.0000 104.2022 105.7054 5.0694 0.2436  98.5488 0.0000 0.0000 0.0000 0.0000 98.5488
2026 1 17 8 4.8750 24.0000 0.3250 0.3250 0.3250 4.8750 0.0000 104.6576 105.7270 4.1788 0.2381  100.2923 0.0000 0.0000 0.0000 0.0000 100.2923
2026 1 17 9 4.0980 29.3100 0.2732 0.2732 0.2732 4.0980 0.0000 104.9955 105.7512 3.3642 0.2280  98.6054 0.0000 0.0000 0.0000 0.0000 98.6054
2026 1 17 10 3.5025 35.0000 0.2335 0.2335 0.2335 3.5025 0.0000 105.2114 105.7635 2.7298 0.2165  95.5417 0.0000 0.0000 0.0000 0.0000 95.5417
2026 1 17 11 3.1275 40.6900 0.2085 0.2085 0.2085 3.1275 0.0000 105.3231 105.7633 2.3548 0.2091  95.8170 0.0000 0.0000 0.0000 0.0000 95.8170
2026 1 17 12 3.0000 46.0000 0.2000 0.2000 0.2000 3.0000 0.0000 105.3591 105.7641 2.2318 0.2066  102.6607 0.0000 0.0000 0.0000 0.0000 102.6607
2026 1 17 13 3.1275 50.5600 0.2085 0.2085 0.2085 3.1275 0.0000 105.3251 105.7653 2.3548 0.2092  119.0612 0.0000 0.0000 0.0000 0.0000 119.0612
2026 1 17 14 3.5025 54.0500 0.2335 0.2335 0.2335 3.5025 0.0000 105.2140 105.7661 2.7298 0.2165  147.5473 0.0000 0.0000 0.0000 0.0000 147.5473
2026 1 17 15 4.0980 56.2500 0.2732 0.2732 0.2732 4.0980 0.0000 105.0101 105.7658 3.3647 0.2281  189.2638 0.0000 0.0000 0.0000 0.0000 189.2638
2026 1 17 16 4.8750 57.0000 0.3250 0.3250 0.3250 4.8750 0.0000 104.6945 105.7639 4.1803 0.2382  238.2782 0.0000 0.0000 0.0000 0.0000 238.2782
2026 1 17 17 5.7795 56.2500 0.3853 0.3853 0.3853 5.7795 0.0000 104.2567 105.7598 5.0720 0.2438  285.3018 0.0000 0.0000 0.0000 0.0000 285.3018
2026 1 17 18 6.7500 54.0500 0.4500 0.4500 0.4500 6.7500 0.0000 103.7029 105.7533 5.9969 0.2468  324.1334 0.0000 0.0000 0.0000 0.0000 324.1334
2026 1 17 19 7.7205 50.5600 0.5147 0.5147 0.5147 7.7205 0.0000 103.0617 105.7440 6.8861 0.2478  348.1629 0.0000 0.0000 0.0000 0.0000 348.1629
2026 1 17 20 8.6250 46.0000 0.5750 0.5750 0.5750 8.6250 0.0000 102.3844 105.7320 7.6173 0.2453  350.3941 0.0000 0.0000 0.0000 0.0000 350.3941
2026 1 17 21 9.4020 40.6900 0.6268 0.6268 0.6268 9.4020 0.0000 101.7396 105.7175 8.2037 0.2424  333.8097 0.0000 0.0000 0.0000 0.0000 333.8097
2026 1 17 22 9.9975 35.0000 0.6665 0.6665 0.6665 9.9975 0.0000 101.2032 105.7009 8.6206 0.2395  301.7213 0.0000 0.0000 0.0000 0.0000 301.7213
2026 1 17 23 10.3725 29.3100 0.6915 0.6915 0.6915 10.3725 0.0000 100.8412 105.6826 8.8750 0.2377  260.1275 0.0000 0.0000 0.0000 0.0000 260.1275
