POWERSTATION node 4 TORDENFOSS
init_Power = 0.00000
penstock_config = SHARED
headloss_coef = 0.150000
yyyy mm dd hh [m3/s]    [Euro/MWh]  [fr_g0] [fr_g1] [m3/s] [m3/s] [m] [m] [MWh] [GWh/Mm3] [Euro] [Euro] [Euro] [Euro] [Euro] [Euro]
yyyy mm dd hh Up_Inflow Price Action_g0 Action_g1 tot_outflow auto_qmin Hnetto Hbrutto Power est_eekv income tot_cost startstopCost adjust_cost cost_aggressive_actions profit
2026 1 15 0 18.0000 24.0000 0.6000 0.6000 18.0000 0.0000 738.3998 786.9998 114.4925 1.7669  2747.8203 2.0000 2.0000 0.0000 0.0000 2745.8203
2026 1 15 1 20.3280 19.4400 0.6776 0.6776 20.3280 0.0000 725.0148 786.9990 125.3413 1.7128  2436.6357 0.0000 0.0000 0.0000 0.0000 2436.6357
2026 1 15 2 22.5000 15.9500 0.7500 0.7500 22.5000 0.0000 711.0599 786.9974 134.0512 1.6550  2138.1163 0.0000 0.0000 0.0000 0.0000 2138.1163
2026 1 15 3 24.3630 13.7500 0.8121 0.8121 24.3630 0.0000 697.9619 786.9952 140.2949 1.5996  1929.0548 0.0000 0.0000 0.0000 0.0000 1929.0548
2026 1 15 4 25.7940 13.0000 0.8598 0.8598 25.7940 0.0000 687.1930 786.9925 143.8556 1.5492  1870.1229 0.0000 0.0000 0.0000 0.0000 1870.1229
2026 1 15 5 26.6940 13.7500 0.8898 0.8898 26.6940 0.0000 680.1040 786.9894 145.8010 1.5172  2004.7635 0.0000 0.0000 0.0000 0.0000 2004.7635
2026 1 15 6 27.0000 15.9500 0.9000 0.9000 27.0000 0.0000 677.6361 786.9861 146.4101 1.5063  2335.2416 0.0000 0.0000 0.0000 0.0000 2335.2416
2026 1 15 7 26.6940 19.4400 0.8898 0.8898 26.6940 0.0000 680.0974 786.9828 145.7996 1.5172  2834.3437 0.0000 0.0000 0.0000 0.0000 2834.3437
2026 1 15 8 25.7940 24.0000 0.8598 0.8598 25.7940 0.0000 687.1802 786.9797 143.8529 1.5492  3452.4702 0.0000 0.0000 0.0000 0.0000 3452.4702
2026 1 15 9 24.3630 29.3100 0.8121 0.8121 24.3630 0.0000 697.9436 786.9770 140.2912 1.5995  4111.9358 0.0000 0.0000 0.0000 0.0000 4111.9358
2026 1 15 10 22.5000 35.0000 0.7500 0.7500 22.5000 0.0000 711.0373 786.9748 134.0469 1.6549  4691.6420 0.0000 0.0000 0.0000 0.0000 4691.6420
2026 1 15 11 20.3280 40.6900 0.6776 0.6776 20.3280 0.0000 724.9891 786.9733 125.3369 1.7127  5099.9580 0.0000 0.0000 0.0000 0.0000 5099.9580
2026 1 15 12 18.0000 46.0000 0.6000 0.6000 18.0000 0.0000 738.3724 786.9725 114.4883 1.7668  5266.4606 0.0000 0.0000 0.0000 0.0000 5266.4606
2026 1 15 13 15.6720 50.5600 0.5224 0.5224 15.6720 0.0000 750.1307 786.9724 101.6979 1.8025  5141.8469 0.0000 0.0000 0.0000 0.0000 5141.8469
2026 1 15 14 13.5000 54.0500 0.4500 0.4500 13.5000 0.0000 759.6356 786.9731 87.8562 1.8077  4748.6268 0.0000 0.0000 0.0000 0.0000 4748.6268
2026 1 15 15 11.6370 56.2500 0.3879 0.3879 11.6370 0.0000 766.6614 786.9744 75.1860 1.7947  4229.2148 0.0000 0.0000 0.0000 0.0000 4229.2148
2026 1 15 16 10.2060 57.0000 0.3402 0.3402 10.2060 0.0000 771.3519 786.9763 64.9298 1.7672  3700.9963 0.0000 0.0000 0.0000 0.0000 3700.9963
2026 1 15 17 9.3060 56.2500 0.3102 0.3102 9.3060 0.0000 773.9883 786.9785 58.5927 1.7490  3295.8377 0.0000 0.0000 0.0000 0.0000 3295.8377
2026 1 15 18 9.0000 54.0500 0.3000 0.3000 9.0000 0.0000 774.8309 786.9809 56.4599 1.7426  3051.6557 0.0000 0.0000 0.0000 0.0000 3051.6557
2026 1 15 19 9.3060 50.5600 0.3102 0.3102 9.3060 0.0000 773.9931 786.9834 58.5930 1.7490  2962.4641 0.0000 0.0000 0.0000 0.0000 2962.4641
2026 1 15 20 10.2060 46.0000 0.3402 0.3402 10.2060 0.0000 771.3612 786.9856 64.9305 1.7672  2986.8052 0.0000 0.0000 0.0000 0.0000 2986.8052
2026 1 15 21 11.6370 40.6900 0.3879 0.3879 11.6370 0.0000 766.6745 786.9875 75.1873 1.7947  3059.3721 0.0000 0.0000 0.0000 0.0000 3059.3721
2026 1 15 22 13.5000 35.0000 0.4500 0.4500 13.5000 0.0000 759.6513 786.9888 87.8580 1.8078  3075.0302 0.0000 0.0000 0.0000 0.0000 3075.0302
2026 1 15 23 15.6720 29.3100 0.5224 0.5224 15.6720 0.0000 750.1477 786.9895 101.7002 1.8026  2980.8338 0.0000 0.0000 0.0000 0.0000 2980.8338
2026 1 16 0 18.0000 24.0000 0.6000 0.6000 18.0000 0.0000 738.3894 786.9894 114.4909 1.7668  2747.7817 0.0000 0.0000 0.0000 0.0000 2747.7817
2026 1 16 1 20.3280 19.4400 0.6776 0.6776 20.3280 0.0000 725.0045 786.9886 125.3395 1.7127  2436.6008 0.0000 0.0000 0.0000 0.0000 2436.6008
2026 1 16 2 22.5000 15.9500 0.7500 0.7500 22.5000 0.0000 711.0496 786.9871 134.0492 1.6549  2138.0851 0.0000 0.0000 0.0000 0.0000 2138.0851
2026 1 16 3 24.3630 13.7500 0.8121 0.8121 24.3630 0.0000 697.9515 786.9849 140.2928 1.5996  1929.0262 0.0000 0.0000 0.0000 0.0000 1929.0262
2026 1 16 4 25.7940 13.0000 0.8598 0.8598 25.7940 0.0000 687.1826 786.9822 143.8534 1.5492  1870.0947 0.0000 0.0000 0.0000 0.0000 1870.0947
2026 1 16 5 26.6940 13.7500 0.8898 0.8898 26.6940 0.0000 680.0936 786.9790 145.7988 1.5172  2004.7330 0.0000 0.0000 0.0000 0.0000 2004.7330
2026 1 16 6 27.0000 15.9500 0.9000 0.9000 27.0000 0.0000 677.6258 786.9757 146.4079 1.5063  2335.2059 0.0000 0.0000 0.0000 0.0000 2335.2059
2026 1 16 7 26.6940 19.4400 0.8898 0.8898 26.6940 0.0000 680.0870 786.9725 145.7973 1.5172  2834.3005 0.0000 0.0000 0.0000 0.0000 2834.3005
2026 1 16 8 25.7940 24.0000 0.8598 0.8598 25.7940 0.0000 687.1698 786.9693 143.8508 1.5491  3452.4181 0.0000 0.0000 0.0000 0.0000 3452.4181
2026 1 16 9 24.3630 29.3100 0.8121 0.8121 24.3630 0.0000 697.9333 786.9666 140.2891 1.5995  4111.8748 0.0000 0.0000 0.0000 0.0000 4111.8748
2026 1 16 10 22.5000 35.0000 0.7500 0.7500 22.5000 0.0000 711.0269 786.9644 134.0450 1.6549  4691.5735 0.0000 0.0000 0.0000 0.0000 4691.5735
2026 1 16 11 20.3280 40.6900 0.6776 0.6776 20.3280 0.0000 724.9788 786.9629 125.3351 1.7127  5099.8850 0.0000 0.0000 0.0000 0.0000 5099.8850
2026 1 16 12 18.0000 46.0000 0.6000 0.6000 18.0000 0.0000 738.3621 786.9621 114.4867 1.7668  5266.3866 0.0000 0.0000 0.0000 0.0000 5266.3866
2026 1 16 13 15.6720 50.5600 0.5224 0.5224 15.6720 0.0000 750.1203 786.9620 101.6965 1.8025  5141.7758 0.0000 0.0000 0.0000 0.0000 5141.7758
2026 1 16 14 13.5000 54.0500 0.4500 0.4500 13.5000 0.0000 759.6252 786.9627 87.8550 1.8077  4748.5620 0.0000 0.0000 0.0000 0.0000 4748.5620
2026 1 16 15 11.6370 56.2500 0.3879 0.3879 11.6370 0.0000 766.6511 786.9640 75.1850 1.7947  4229.1576 0.0000 0.0000 0.0000 0.0000 4229.1576
2026 1 16 16 10.2060 57.0000 0.3402 0.3402 10.2060 0.0000 771.3415 786.9659 64.9289 1.7672  3700.9466 0.0000 0.0000 0.0000 0.0000 3700.9466
2026 1 16 17 9.3060 56.2500 0.3102 0.3102 9.3060 0.0000 773.9779 786.9681 58.5919 1.7489  3295.7935 0.0000 0.0000 0.0000 0.0000 3295.7935
2026 1 16 18 9.0000 54.0500 0.3000 0.3000 9.0000 0.0000 774.8206 786.9706 56.4591 1.7426  3051.6149 0.0000 0.0000 0.0000 0.0000 3051.6149
2026 1 16 19 9.3060 50.5600 0.3102 0.3102 9.3060 0.0000 773.9828 786.9730 58.5923 1.7489  2962.4244 0.0000 0.0000 0.0000 0.0000 2962.4244
2026 1 16 20 10.2060 46.0000 0.3402 0.3402 10.2060 0.0000 771.3509 786.9752 64.9297 1.7672  2986.7650 0.0000 0.0000 0.0000 0.0000 2986.7650
2026 1 16 21 11.6370 40.6900 0.3879 0.3879 11.6370 0.0000 766.6641 786.9771 75.1863 1.7947  3059.3307 0.0000 0.0000 0.0000 0.0000 3059.3307
2026 1 16 22 13.5000 35.0000 0.4500 0.4500 13.5000 0.0000 759.6409 786.9784 87.8568 1.8078  3074.9882 0.0000 0.0000 0.0000 0.0000 3074.9882
2026 1 16 23 15.6720 29.3100 0.5224 0.5224 15.6720 0.0000 750.1374 786.9791 101.6988 1.8026  2980.7926 0.0000 0.0000 0.0000 0.0000 2980.7926
2026 1 17 0 18.0000 24.0000 0.6000 0.6000 18.0000 0.0000 738.3790 786.9790 114.4893 1.7668  2747.7431 0.0000 0.0000 0.0000 0.0000 2747.7431
2026 1 17 1 20.3280 19.4400 0.6776 0.6776 20.3280 0.0000 724.9941 786.9782 125.3378 1.7127  2436.5660 0.0000 0.0000 0.0000 0.0000 2436.5660
2026 1 17 2 22.5000 15.9500 0.7500 0.7500 22.5000 0.0000 711.0392 786.9767 134.0473 1.6549  2138.0540 0.0000 0.0000 0.0000 0.0000 2138.0540
2026 1 17 3 24.3630 13.7500 0.8121 0.8121 24.3630 0.0000 697.9411 786.9745 140.2907 1.5995  1928.9975 0.0000 0.0000 0.0000 0.0000 1928.9975
2026 1 17 4 25.7940 13.0000 0.8598 0.8598 25.7940 0.0000 687.1722 786.9718 143.8513 1.5491  1870.0665 0.0000 0.0000 0.0000 0.0000 1870.0665
2026 1 17 5 26.6940 13.7500 0.8898 0.8898 26.6940 0.0000 680.0832 786.9687 145.7965 1.5172  2004.7024 0.0000 0.0000 0.0000 0.0000 2004.7024
2026 1 17 6 27.0000 15.9500 0.9000 0.9000 27.0000 0.0000 677.6154 786.9654 146.4057 1.5062  2335.1702 0.0000 0.0000 0.0000 0.0000 2335.1702
2026 1 17 7 26.6940 19.4400 0.8898 0.8898 26.6940 0.0000 680.0766 786.9621 145.7951 1.5171  2834.2573 0.0000 0.0000 0.0000 0.0000 2834.2573
2026 1 17 8 25.7940 24.0000 0.8598 0.8598 25.7940 0.0000 687.1594 786.9590 143.8486 1.5491  3452.3660 0.0000 0.0000 0.0000 0.0000 3452.3660
2026 1 17 9 24.3630 29.3100 0.8121 0.8121 24.3630 0.0000 697.9229 786.9563 140.2871 1.5995  4111.8137 0.0000 0.0000 0.0000 0.0000 4111.8137
2026 1 17 10 22.5000 35.0000 0.7500 0.7500 22.5000 0.0000 711.0166 786.9541 134.0430 1.6549  4691.5051 0.0000 0.0000 0.0000 0.0000 4691.5051
2026 1 17 11 20.3280 40.6900 0.6776 0.6776 20.3280 0.0000 724.9684 786.9525 125.3333 1.7127  5099.8121 0.0000 0.0000 0.0000 0.0000 5099.8121
2026 1 17 12 18.0000 46.0000 0.6000 0.6000 18.0000 0.0000 738.3517 786.9517 114.4851 1.7667  5266.3127 0.0000 0.0000 0.0000 0.0000 5266.3127
2026 1 17 13 15.6720 50.5600 0.5224 0.5224 15.6720 0.0000 750.1099 786.9517 101.6951 1.8025  5141.7047 0.0000 0.0000 0.0000 0.0000 5141.7047
2026 1 17 14 13.5000 54.0500 0.4500 0.4500 13.5000 0.0000 759.6148 786.9523 87.8538 1.8077  4748.4972 0.0000 0.0000 0.0000 0.0000 4748.4972
2026 1 17 15 11.6370 56.2500 0.3879 0.3879 11.6370 0.0000 766.6407 786.9537 75.1840 1.7947  4229.1005 0.0000 0.0000 0.0000 0.0000 4229.1005
2026 1 17 16 10.2060 57.0000 0.3402 0.3402 10.2060 0.0000 771.3312 786.9555 64.9280 1.7672  3700.8968 0.0000 0.0000 0.0000 0.0000 3700.8968
2026 1 17 17 9.3060 56.2500 0.3102 0.3102 9.3060 0.0000 773.9675 786.9578 58.5911 1.7489  3295.7494 0.0000 0.0000 0.0000 0.0000 3295.7494
2026 1 17 18 9.0000 54.0500 0.3000 0.3000 9.0000 0.0000 774.8102 786.9602 56.4584 1.7425  3051.5740 0.0000 0.0000 0.0000 0.0000 3051.5740
2026 1 17 19 9.3060 50.5600 0.3102 0.3102 9.3060 0.0000 773.9724 786.9626 58.5915 1.7489  2962.3847 0.0000 0.0000 0.0000 0.0000 2962.3847
2026 1 17 20 10.2060 46.0000 0.3402 0.3402 10.2060 0.0000 771.3405 786.9649 64.9288 1.7672  2986.7249 0.0000 0.0000 0.0000 0.0000 2986.7249
2026 1 17 21 11.6370 40.6900 0.3879 0.3879 11.6370 0.0000 766.6538 786.9667 75.1853 1.7947  3059.2893 0.0000 0.0000 0.0000 0.0000 3059.2893
2026 1 17 22 13.5000 35.0000 0.4500 0.4500 13.5000 0.0000 759.6306 786.9681 87.8556 1.8077  3074.9463 0.0000 0.0000 0.0000 0.0000 3074.9463
2026 1 17 23 15.6720 29.3100 0.5224 0.5224 15.6720 0.0000 750.1270 786.9687 101.6974 1.8025  2980.7514 0.0000 0.0000 0.0000 0.0000 2980.7514
