RESERVOIR node 16 SALTVIKA
reservoir_init_fr= 0.50000  init_masl=18.000
Filling at HRW [Mm3] = 25.91991
Filling at LRW [Mm3] = 4.31999
Active reservoir capacity [Mm3] = 21.59993
outlet_auto_qmin_masl [masl] = 11.500
yyyy mm dd hh [m3/s] [Euro/MWh] [fr] [m3/s] [Mm3] [masl] [fr] [Euro]         [m3/s]     [m3/s]    [m3/s]   [m3/s]    [m3/s]   [m3/s]    [m3/s]     [m3/s] 
yyyy mm dd hh Inflow Price Action Up_Inflow Res_Mm3 Res_masl Res_fr lrw_cost tunnelflow hatchflow overflow auto_qmin pump_in pump_out tot_inflow tot_outflow
2026 1 15 0 0.8230 24.0000 0.0000 0.2739 14.7567 17.8318 0.4832 0.0000 45.0000 0.0000 0.0000 22.0000 0.0000 35.0000 1.0969 102.0000 
2026 1 15 1 0.7830 19.4400 0.0000 0.2613 14.3933 17.6636 0.4664 0.0000 45.0000 0.0000 0.0000 22.0000 0.0000 35.0000 1.0443 102.0000 
2026 1 15 2 0.7590 15.9500 0.0000 0.2429 14.0297 17.4952 0.4495 0.0000 45.0000 0.0000 0.0000 22.0000 0.0000 35.0000 1.0019 102.0000 
2026 1 15 3 0.7500 13.7500 0.0000 0.2262 13.6660 17.3269 0.4327 0.0000 45.0000 0.0000 0.0000 22.0000 0.0000 35.0000 0.9762 102.0000 
2026 1 15 4 0.7590 13.0000 0.0000 0.2145 13.3023 17.1585 0.4158 0.0000 45.0000 0.0000 0.0000 22.0000 0.0000 35.0000 0.9735 102.0000 
2026 1 15 5 0.7830 13.7500 0.0000 0.2075 12.9387 16.9901 0.3990 0.0000 45.0000 0.0000 0.0000 22.0000 0.0000 35.0000 0.9905 102.0000 
2026 1 15 6 0.8230 15.9500 0.0000 0.2037 12.7011 16.8802 0.3880 0.0000 45.0000 0.0000 0.0000 22.0000 0.0000 0.0000 1.0267 67.0000 
2026 1 15 7 0.8750 19.4400 0.0000 0.2018 12.4638 16.7703 0.3770 0.0000 45.0000 0.0000 0.0000 22.0000 0.0000 0.0000 1.0768 67.0000 
2026 1 15 8 0.9350 24.0000 0.0000 0.2008 12.2267 16.6605 0.3661 0.0000 45.0000 0.0000 0.0000 22.0000 0.0000 0.0000 1.1358 67.0000 
2026 1 15 9 1.0000 29.3100 0.0000 0.2004 11.9898 16.5509 0.3551 0.0000 45.0000 0.0000 0.0000 22.0000 0.0000 0.0000 1.2004 67.0000 
2026 1 15 10 1.0650 35.0000 0.0000 0.2002 11.7532 16.4413 0.3441 0.0000 45.0000 0.0000 0.0000 22.0000 0.0000 0.0000 1.2652 67.0000 
2026 1 15 11 1.1250 40.6900 0.0000 0.2001 11.5168 16.3318 0.3332 0.0000 45.0000 0.0000 0.0000 22.0000 0.0000 0.0000 1.3251 67.0000 
2026 1 15 12 1.1770 46.0000 0.0000 40.2000 11.4245 16.2891 0.3289 0.0000 45.0000 0.0000 0.0000 22.0000 0.0000 0.0000 41.3770 67.0000 
2026 1 15 13 1.2170 50.5600 0.0000 40.2000 11.3324 16.2465 0.3247 0.0000 45.0000 0.0000 0.0000 22.0000 0.0000 0.0000 41.4170 67.0000 
2026 1 15 14 1.2410 54.0500 0.0000 40.2000 11.2404 16.2039 0.3204 0.0000 45.0000 0.0000 0.0000 22.0000 0.0000 0.0000 41.4410 67.0000 
2026 1 15 15 1.2500 56.2500 0.0000 40.2000 11.1484 16.1613 0.3161 0.0000 45.0000 0.0000 0.0000 22.0000 0.0000 0.0000 41.4500 67.0000 
2026 1 15 16 1.2410 57.0000 0.0000 40.2000 11.0564 16.1187 0.3119 0.0000 45.0000 0.0000 0.0000 22.0000 0.0000 0.0000 41.4410 67.0000 
2026 1 15 17 1.2170 56.2500 0.0000 40.2000 10.9643 16.0761 0.3076 0.0000 45.0000 0.0000 0.0000 22.0000 0.0000 0.0000 41.4170 67.0000 
2026 1 15 18 1.1770 54.0500 0.0000 40.2000 10.8721 16.0334 0.3033 0.0000 45.0000 0.0000 0.0000 22.0000 0.0000 0.0000 41.3770 67.0000 
2026 1 15 19 1.1250 50.5600 0.0000 40.2000 10.7796 15.9906 0.2991 0.0000 45.0000 0.0000 0.0000 22.0000 0.0000 0.0000 41.3250 67.0000 
2026 1 15 20 1.0650 46.0000 0.0000 40.2000 10.8166 16.0077 0.3008 0.0000 9.0000 0.0000 0.0000 22.0000 0.0000 0.0000 41.2650 31.0000 
2026 1 15 21 1.0000 40.6900 0.0000 40.2000 10.8533 16.0247 0.3025 0.0000 9.0000 0.0000 0.0000 22.0000 0.0000 0.0000 41.2000 31.0000 
2026 1 15 22 0.9350 35.0000 0.0000 40.2000 10.8898 16.0416 0.3042 0.0000 9.0000 0.0000 0.0000 22.0000 0.0000 0.0000 41.1350 31.0000 
2026 1 15 23 0.8750 29.3100 0.0000 40.2000 10.9261 16.0584 0.3058 0.0000 9.0000 0.0000 0.0000 22.0000 0.0000 0.0000 41.0750 31.0000 
2026 1 16 0 0.8230 24.0000 0.0000 40.2000 10.8362 16.0168 0.3017 0.0000 9.0000 0.0000 0.0000 22.0000 0.0000 35.0000 41.0230 66.0000 
2026 1 16 1 0.7830 19.4400 0.0000 40.2000 10.7461 15.9751 0.2975 0.0000 9.0000 0.0000 0.0000 22.0000 0.0000 35.0000 40.9830 66.0000 
2026 1 16 2 0.7590 15.9500 0.0000 40.2000 10.6559 15.9333 0.2933 0.0000 9.0000 0.0000 0.0000 22.0000 0.0000 35.0000 40.9590 66.0000 
2026 1 16 3 0.7500 13.7500 0.0000 40.2000 10.5658 15.8916 0.2892 0.0000 9.0000 0.0000 0.0000 22.0000 0.0000 35.0000 40.9500 66.0000 
2026 1 16 4 0.7590 13.0000 0.0000 40.2000 10.4756 15.8498 0.2850 0.0000 9.0000 0.0000 0.0000 22.0000 0.0000 35.0000 40.9590 66.0000 
2026 1 16 5 0.7830 13.7500 0.0000 40.2000 10.3856 15.8081 0.2808 0.0000 9.0000 0.0000 0.0000 22.0000 0.0000 35.0000 40.9830 66.0000 
2026 1 16 6 0.8230 15.9500 0.0000 40.2000 10.3730 15.8023 0.2802 0.0000 22.5000 0.0000 0.0000 22.0000 0.0000 0.0000 41.0230 44.5000 
2026 1 16 7 0.8750 19.4400 0.0000 40.2000 10.3607 15.7966 0.2797 0.0000 22.5000 0.0000 0.0000 22.0000 0.0000 0.0000 41.0750 44.5000 
2026 1 16 8 0.9350 24.0000 0.0000 40.2000 10.3486 15.7910 0.2791 0.0000 22.5000 0.0000 0.0000 22.0000 0.0000 0.0000 41.1350 44.5000 
2026 1 16 9 1.0000 29.3100 0.0000 40.2000 10.3367 15.7855 0.2786 0.0000 22.5000 0.0000 0.0000 22.0000 0.0000 0.0000 41.2000 44.5000 
2026 1 16 10 1.0650 35.0000 0.0000 40.2000 10.3251 15.7801 0.2780 0.0000 22.5000 0.0000 0.0000 22.0000 0.0000 0.0000 41.2650 44.5000 
2026 1 16 11 1.1250 40.6900 0.0000 40.2000 10.3136 15.7748 0.2775 0.0000 22.5000 0.0000 0.0000 22.0000 0.0000 0.0000 41.3250 44.5000 
2026 1 16 12 1.1770 46.0000 0.0000 0.2000 10.1584 15.7030 0.2703 0.0000 22.5000 0.0000 0.0000 22.0000 0.0000 0.0000 1.3770 44.5000 
2026 1 16 13 1.2170 50.5600 0.0000 0.2000 10.0033 15.6312 0.2631 0.0000 22.5000 0.0000 0.0000 22.0000 0.0000 0.0000 1.4170 44.5000 
2026 1 16 14 1.2410 54.0500 0.0000 0.2000 9.8483 15.5594 0.2559 0.0000 22.5000 0.0000 0.0000 22.0000 0.0000 0.0000 1.4410 44.5000 
2026 1 16 15 1.2500 56.2500 0.0000 0.2000 9.6933 15.4877 0.2488 0.0000 22.5000 0.0000 0.0000 22.0000 0.0000 0.0000 1.4500 44.5000 
2026 1 16 16 1.2410 57.0000 0.0000 0.2000 9.5383 15.4159 0.2416 0.0000 22.5000 0.0000 0.0000 22.0000 0.0000 0.0000 1.4410 44.5000 
2026 1 16 17 1.2170 56.2500 0.0000 0.2000 9.3832 15.3441 0.2344 0.0000 22.5000 0.0000 0.0000 22.0000 0.0000 0.0000 1.4170 44.5000 
2026 1 16 18 1.1770 54.0500 0.0000 0.2000 9.2280 15.2722 0.2272 0.0000 22.5000 0.0000 0.0000 22.0000 0.0000 0.0000 1.3770 44.5000 
2026 1 16 19 1.1250 50.5600 0.0000 0.2000 9.0725 15.2003 0.2200 0.0000 22.5000 0.0000 0.0000 22.0000 0.0000 0.0000 1.3250 44.5000 
2026 1 16 20 1.0650 46.0000 0.0000 0.2000 8.9169 15.1282 0.2128 0.0000 22.5000 0.0000 0.0000 22.0000 0.0000 0.0000 1.2650 44.5000 
2026 1 16 21 1.0000 40.6900 0.0000 0.2000 8.7610 15.0560 0.2056 0.0000 22.5000 0.0000 0.0000 22.0000 0.0000 0.0000 1.2000 44.5000 
2026 1 16 22 0.9350 35.0000 0.0000 0.2000 8.6049 14.9838 0.1984 0.0000 22.5000 0.0000 0.0000 22.0000 0.0000 0.0000 1.1350 44.5000 
2026 1 16 23 0.8750 29.3100 0.0000 0.2000 8.4486 14.9114 0.1911 0.0000 22.5000 0.0000 0.0000 22.0000 0.0000 0.0000 1.0750 44.5000 
2026 1 17 0 0.8230 24.0000 0.0000 40.2000 8.3100 14.8473 0.1847 0.0000 22.5000 0.0000 0.0000 22.0000 0.0000 35.0000 41.0230 79.5000 
2026 1 17 1 0.7830 19.4400 0.0000 40.2000 8.1714 14.7831 0.1783 0.0000 22.5000 0.0000 0.0000 22.0000 0.0000 35.0000 40.9830 79.5000 
2026 1 17 2 0.7590 15.9500 0.0000 40.2000 8.0326 14.7188 0.1719 0.0000 22.5000 0.0000 0.0000 22.0000 0.0000 35.0000 40.9590 79.5000 
2026 1 17 3 0.7500 13.7500 0.0000 40.2000 7.8938 14.6546 0.1655 0.0000 22.5000 0.0000 0.0000 22.0000 0.0000 35.0000 40.9500 79.5000 
2026 1 17 4 0.7590 13.0000 0.0000 40.2000 7.8361 14.6278 0.1628 0.0000 0.0000 0.0000 0.0000 22.0000 0.0000 35.0000 40.9590 57.0000 
2026 1 17 5 0.7830 13.7500 0.0000 40.2000 7.7784 14.6011 0.1601 0.0000 0.0000 0.0000 0.0000 22.0000 0.0000 35.0000 40.9830 57.0000 
2026 1 17 6 0.8230 15.9500 0.0000 40.2000 7.8469 14.6328 0.1633 0.0000 0.0000 0.0000 0.0000 22.0000 0.0000 0.0000 41.0230 22.0000 
2026 1 17 7 0.8750 19.4400 0.0000 40.2000 7.9156 14.6646 0.1665 0.0000 0.0000 0.0000 0.0000 22.0000 0.0000 0.0000 41.0750 22.0000 
2026 1 17 8 0.9350 24.0000 0.0000 40.2000 7.9845 14.6965 0.1697 0.0000 0.0000 0.0000 0.0000 22.0000 0.0000 0.0000 41.1350 22.0000 
2026 1 17 9 1.0000 29.3100 0.0000 40.2000 8.0536 14.7285 0.1729 0.0000 0.0000 0.0000 0.0000 22.0000 0.0000 0.0000 41.2000 22.0000 
2026 1 17 10 1.0650 35.0000 0.0000 40.2000 8.1229 14.7606 0.1761 0.0000 0.0000 0.0000 0.0000 22.0000 0.0000 0.0000 41.2650 22.0000 
2026 1 17 11 1.1250 40.6900 0.0000 40.2000 8.1925 14.7928 0.1793 0.0000 0.0000 0.0000 0.0000 22.0000 0.0000 0.0000 41.3250 22.0000 
2026 1 17 12 1.1770 46.0000 0.0000 40.2000 8.2623 14.8251 0.1825 0.0000 0.0000 0.0000 0.0000 22.0000 0.0000 0.0000 41.3770 22.0000 
2026 1 17 13 1.2170 50.5600 0.0000 40.2000 8.3322 14.8575 0.1858 0.0000 0.0000 0.0000 0.0000 22.0000 0.0000 0.0000 41.4170 22.0000 
2026 1 17 14 1.2410 54.0500 0.0000 40.2000 8.4022 14.8899 0.1890 0.0000 0.0000 0.0000 0.0000 22.0000 0.0000 0.0000 41.4410 22.0000 
2026 1 17 15 1.2500 56.2500 0.0000 40.2000 8.4722 14.9223 0.1922 0.0000 0.0000 0.0000 0.0000 22.0000 0.0000 0.0000 41.4500 22.0000 
2026 1 17 16 1.2410 57.0000 0.0000 40.2000 8.5422 14.9547 0.1955 0.0000 0.0000 0.0000 0.0000 22.0000 0.0000 0.0000 41.4410 22.0000 
2026 1 17 17 1.2170 56.2500 0.0000 40.2000 8.6121 14.9871 0.1987 0.0000 0.0000 0.0000 0.0000 22.0000 0.0000 0.0000 41.4170 22.0000 
2026 1 17 18 1.1770 54.0500 0.0000 40.2000 8.6008 14.9819 0.1982 0.0000 22.5000 0.0000 0.0000 22.0000 0.0000 0.0000 41.3770 44.5000 
2026 1 17 19 1.1250 50.5600 0.0000 40.2000 8.5894 14.9766 0.1977 0.0000 22.5000 0.0000 0.0000 22.0000 0.0000 0.0000 41.3250 44.5000 
2026 1 17 20 1.0650 46.0000 0.0000 40.2000 8.5778 14.9712 0.1971 0.0000 22.5000 0.0000 0.0000 22.0000 0.0000 0.0000 41.2650 44.5000 
2026 1 17 21 1.0000 40.6900 0.0000 40.2000 8.5659 14.9657 0.1966 0.0000 22.5000 0.0000 0.0000 22.0000 0.0000 0.0000 41.2000 44.5000 
2026 1 17 22 0.9350 35.0000 0.0000 40.2000 8.5538 14.9601 0.1960 0.0000 22.5000 0.0000 0.0000 22.0000 0.0000 0.0000 41.1350 44.5000 
2026 1 17 23 0.8750 29.3100 0.0000 40.2000 8.5414 14.9544 0.1954 0.0000 22.5000 0.0000 0.0000 22.0000 0.0000 0.0000 41.0750 44.5000 
