RESERVOIR node 0 HJELLE
reservoir_init_fr= 0.00000  init_masl=748.000
Filling at HRW [Mm3] = 9.08100
Filling at LRW [Mm3] = 0.00000
Active reservoir capacity [Mm3] = 9.08100
yyyy mm dd hh [m3/s] [Euro/MWh] [fr] [m3/s] [Mm3] [masl] [fr] [Euro]         [m3/s]     [m3/s]    [m3/s]   [m3/s]    [m3/s]   [m3/s]    [m3/s]     [m3/s] 
yyyy mm dd hh Inflow Price Action Up_Inflow Res_Mm3 Res_masl Res_fr lrw_cost tunnelflow hatchflow overflow auto_qmin pump_in pump_out tot_inflow tot_outflow
2026 5 7 0 0.0000 24.8800 0.0000 0.0000 0.0000 748.0000 0.0000 0.0000 0.0000 0.0000 0.0000 0.0000 0.0000 0.0000 0.0000 0.0000 
2026 5 7 1 0.0000 25.8500 0.0000 0.0000 0.0000 748.0000 0.0000 0.0000 0.0000 0.0000 0.0000 0.0000 0.0000 0.0000 0.0000 0.0000 
2026 5 7 2 600.0000 28.0000 0.0000 0.0000 2.1600 750.1554 0.2379 0.0000 0.0000 0.0000 0.0000 0.0000 0.0000 0.0000 600.0000 0.0000 
2026 5 7 3 0.0000 23.0000 0.0000 0.0000 2.1600 750.1554 0.2379 0.0000 0.0000 0.0000 0.0000 0.0000 0.0000 0.0000 0.0000 0.0000 
2026 5 7 4 0.0000 35.0000 0.0000 0.0000 2.1600 750.1554 0.2379 0.0000 0.0000 0.0000 0.0000 0.0000 0.0000 0.0000 0.0000 0.0000 
2026 5 7 5 0.0000 39.0000 0.0000 0.0000 2.1600 750.1554 0.2379 0.0000 0.0000 0.0000 0.0000 0.0000 0.0000 0.0000 0.0000 0.0000 
2026 5 7 6 0.0000 45.0000 0.0000 0.0000 2.1600 750.1554 0.2379 0.0000 0.0000 0.0000 0.0000 0.0000 0.0000 0.0000 0.0000 0.0000 
2026 5 7 7 0.0000 26.5600 0.0000 0.0000 2.1600 750.1554 0.2379 0.0000 0.0000 0.0000 0.0000 0.0000 0.0000 0.0000 0.0000 0.0000 
2026 5 7 8 0.0000 52.9300 0.0000 0.0000 2.1600 750.1554 0.2379 0.0000 0.0000 0.0000 0.0000 0.0000 0.0000 0.0000 0.0000 0.0000 
2026 5 7 9 0.0000 10.9400 0.0000 0.0000 2.1600 750.1554 0.2379 0.0000 0.0000 0.0000 0.0000 0.0000 0.0000 0.0000 0.0000 0.0000 
2026 5 7 10 0.0000 10.0100 0.0000 0.0000 2.1600 750.1554 0.2379 0.0000 0.0000 0.0000 0.0000 0.0000 0.0000 0.0000 0.0000 0.0000 
2026 5 7 11 0.0000 17.9500 0.0000 0.0000 2.1600 750.1554 0.2379 0.0000 0.0000 0.0000 0.0000 0.0000 0.0000 0.0000 0.0000 0.0000 
2026 5 7 12 0.0000 82.5800 0.0000 0.0000 2.1456 750.1410 0.2363 0.0000 4.0000 0.0000 0.0000 0.0000 0.0000 0.0000 0.0000 4.0000 
2026 5 7 13 0.0000 25.5000 0.0000 0.0000 2.1456 750.1410 0.2363 0.0000 0.0000 0.0000 0.0000 0.0000 0.0000 0.0000 0.0000 0.0000 
2026 5 7 14 0.0000 55.8200 0.0000 0.0000 2.1312 750.1267 0.2347 0.0000 4.0000 0.0000 0.0000 0.0000 0.0000 0.0000 0.0000 4.0000 
2026 5 7 15 0.0000 29.3900 0.0000 0.0000 2.1190 750.1145 0.2333 0.0000 3.4000 0.0000 0.0000 0.0000 0.0000 0.0000 0.0000 3.4000 
2026 5 7 16 0.0000 46.9600 0.0000 0.0000 2.1046 750.1001 0.2318 0.0000 4.0000 0.0000 0.0000 0.0000 0.0000 0.0000 0.0000 4.0000 
2026 5 7 17 0.0000 17.5900 0.0000 0.0000 2.0935 750.0891 0.2305 0.0000 3.0800 0.0000 0.0000 0.0000 0.0000 0.0000 0.0000 3.0800 
2026 5 7 18 0.0000 88.3300 0.0000 0.0000 2.0791 750.0748 0.2289 0.0000 4.0000 0.0000 0.0000 0.0000 0.0000 0.0000 0.0000 4.0000 
2026 5 7 19 0.0000 80.8200 0.0000 0.0000 2.0647 750.0604 0.2274 0.0000 4.0000 0.0000 0.0000 0.0000 0.0000 0.0000 0.0000 4.0000 
2026 5 7 20 1.9100 88.8300 0.0000 0.0000 2.0571 750.0529 0.2265 0.0000 4.0000 0.0000 0.0000 0.0000 0.0000 0.0000 1.9100 4.0000 
2026 5 7 21 1.7900 78.9000 0.0000 0.0000 2.0492 750.0450 0.2257 0.0000 4.0000 0.0000 0.0000 0.0000 0.0000 0.0000 1.7900 4.0000 
2026 5 7 22 1.8800 59.9800 0.0000 0.0000 2.0416 750.0374 0.2248 0.0000 4.0000 0.0000 0.0000 0.0000 0.0000 0.0000 1.8800 4.0000 
2026 5 7 23 2.0100 50.7100 0.0000 0.0000 2.0344 750.0303 0.2240 0.0000 4.0000 0.0000 0.0000 0.0000 0.0000 0.0000 2.0100 4.0000 
2026 5 8 0 4.9400 99.0800 0.0000 0.0000 2.0378 750.0336 0.2244 0.0000 4.0000 0.0000 0.0000 0.0000 0.0000 0.0000 4.9400 4.0000 
2026 5 8 1 9.5600 59.4000 0.0000 0.0000 2.0578 750.0536 0.2266 0.0000 4.0000 0.0000 0.0000 0.0000 0.0000 0.0000 9.5600 4.0000 
2026 5 8 2 14.4000 16.8900 0.0000 0.0000 2.0988 750.0944 0.2311 0.0000 3.0000 0.0000 0.0000 0.0000 0.0000 0.0000 14.4000 3.0000 
2026 5 8 3 26.1100 18.5200 0.0000 0.0000 2.1820 750.1773 0.2403 0.0000 3.0000 0.0000 0.0000 0.0000 0.0000 0.0000 26.1100 3.0000 
2026 5 8 4 18.0100 27.1000 0.0000 0.0000 2.2361 750.2311 0.2462 0.0000 3.0000 0.0000 0.0000 0.0000 0.0000 0.0000 18.0100 3.0000 
2026 5 8 5 13.5800 18.9700 0.0000 0.0000 2.2850 750.2798 0.2516 0.0000 0.0000 0.0000 0.0000 0.0000 0.0000 0.0000 13.5800 0.0000 
2026 5 8 6 5.0000 16.0000 0.0000 0.0000 2.3030 750.2977 0.2536 0.0000 0.0000 0.0000 0.0000 0.0000 0.0000 0.0000 5.0000 0.0000 
2026 5 8 7 6.0000 13.0000 0.0000 0.0000 2.3246 750.3192 0.2560 0.0000 0.0000 0.0000 0.0000 0.0000 0.0000 0.0000 6.0000 0.0000 
2026 5 8 8 0.0000 11.0000 0.0000 0.0000 2.3246 750.3192 0.2560 0.0000 0.0000 0.0000 0.0000 0.0000 0.0000 0.0000 0.0000 0.0000 
2026 5 8 9 0.0000 12.0000 0.0000 0.0000 2.3102 750.3048 0.2544 0.0000 4.0000 0.0000 0.0000 0.0000 0.0000 0.0000 0.0000 4.0000 
2026 5 8 10 0.0000 13.0000 0.0000 0.0000 2.2958 750.2905 0.2528 0.0000 4.0000 0.0000 0.0000 0.0000 0.0000 0.0000 0.0000 4.0000 
2026 5 8 11 0.0000 16.0000 0.0000 0.0000 2.2814 750.2762 0.2512 0.0000 4.0000 0.0000 0.0000 0.0000 0.0000 0.0000 0.0000 4.0000 
2026 5 8 12 0.0000 12.0000 0.0000 0.0000 2.2670 750.2618 0.2496 0.0000 4.0000 0.0000 0.0000 0.0000 0.0000 0.0000 0.0000 4.0000 
2026 5 8 13 0.0000 13.0000 0.0000 0.0000 2.2526 750.2475 0.2481 0.0000 4.0000 0.0000 0.0000 0.0000 0.0000 0.0000 0.0000 4.0000 
2026 5 8 14 0.0000 12.0000 0.0000 0.0000 2.2382 750.2332 0.2465 0.0000 4.0000 0.0000 0.0000 0.0000 0.0000 0.0000 0.0000 4.0000 
2026 5 8 15 0.0000 11.0000 0.0000 0.0000 2.2238 750.2188 0.2449 0.0000 4.0000 0.0000 0.0000 0.0000 0.0000 0.0000 0.0000 4.0000 
2026 5 8 16 4.0000 8.0000 0.0000 0.0000 2.2238 750.2188 0.2449 0.0000 4.0000 0.0000 0.0000 0.0000 0.0000 0.0000 4.0000 4.0000 
2026 5 8 17 8.0000 15.0000 0.0000 0.0000 2.2382 750.2332 0.2465 0.0000 4.0000 0.0000 0.0000 0.0000 0.0000 0.0000 8.0000 4.0000 
2026 5 8 18 19.0000 12.0000 0.0000 0.0000 2.2922 750.2869 0.2524 0.0000 4.0000 0.0000 0.0000 0.0000 0.0000 0.0000 19.0000 4.0000 
2026 5 8 19 3.0000 15.0000 0.0000 0.0000 2.2886 750.2833 0.2520 0.0000 4.0000 0.0000 0.0000 0.0000 0.0000 0.0000 3.0000 4.0000 
2026 5 8 20 0.0000 13.0000 0.0000 0.0000 2.2742 750.2690 0.2504 0.0000 4.0000 0.0000 0.0000 0.0000 0.0000 0.0000 0.0000 4.0000 
2026 5 8 21 0.0000 14.0000 0.0000 0.0000 2.2598 750.2547 0.2488 0.0000 4.0000 0.0000 0.0000 0.0000 0.0000 0.0000 0.0000 4.0000 
2026 5 8 22 0.0000 17.0000 0.0000 0.0000 2.2454 750.2403 0.2473 0.0000 4.0000 0.0000 0.0000 0.0000 0.0000 0.0000 0.0000 4.0000 
2026 5 8 23 0.0000 16.0000 0.0000 0.0000 2.2310 750.2260 0.2457 0.0000 4.0000 0.0000 0.0000 0.0000 0.0000 0.0000 0.0000 4.0000 
