POWERSTATION node 1 SVOLETJONN
init_Power = 0.00000
penstock_config = SHARED
headloss_coef = 0.300000
yyyy mm dd hh [m3/s]    [Euro/MWh]  [fr_g0] [m3/s] [m3/s] [m] [m] [MWh] [GWh/Mm3] [Euro] [Euro] [Euro] [Euro] [Euro] [Euro]
yyyy mm dd hh Up_Inflow Price Action_g0 tot_outflow auto_qmin Hnetto Hbrutto Power est_eekv income tot_cost startstopCost adjust_cost cost_aggressive_actions profit
2026 5 7 0 0.0000 24.8800 0.0000 0.0000 0.0000 58.0000 58.0000 0.0000 0.0000  0.0000 0.0000 0.0000 0.0000 0.0000 0.0000
2026 5 7 1 0.0000 25.8500 0.0000 0.0000 0.0000 58.0000 58.0000 0.0000 0.0000  0.0000 0.0000 0.0000 0.0000 0.0000 0.0000
2026 5 7 2 0.0000 28.0000 0.0000 0.0000 0.0000 59.0777 59.0777 0.0000 0.0000  0.0000 0.0000 0.0000 0.0000 0.0000 0.0000
2026 5 7 3 0.0000 23.0000 0.0000 0.0000 0.0000 60.1554 60.1554 0.0000 0.0000  0.0000 0.0000 0.0000 0.0000 0.0000 0.0000
2026 5 7 4 0.0000 35.0000 0.0000 0.0000 0.0000 60.1554 60.1554 0.0000 0.0000  0.0000 0.0000 0.0000 0.0000 0.0000 0.0000
2026 5 7 5 0.0000 39.0000 0.0000 0.0000 0.0000 60.1554 60.1554 0.0000 0.0000  0.0000 0.0000 0.0000 0.0000 0.0000 0.0000
2026 5 7 6 0.0000 45.0000 0.0000 0.0000 0.0000 60.1554 60.1554 0.0000 0.0000  0.0000 0.0000 0.0000 0.0000 0.0000 0.0000
2026 5 7 7 0.0000 26.5600 0.0000 0.0000 0.0000 60.1554 60.1554 0.0000 0.0000  0.0000 0.0000 0.0000 0.0000 0.0000 0.0000
2026 5 7 8 0.0000 52.9300 0.0000 0.0000 0.0000 60.1554 60.1554 0.0000 0.0000  0.0000 0.0000 0.0000 0.0000 0.0000 0.0000
2026 5 7 9 0.0000 10.9400 0.0000 0.0000 0.0000 60.1554 60.1554 0.0000 0.0000  0.0000 0.0000 0.0000 0.0000 0.0000 0.0000
2026 5 7 10 0.0000 10.0100 0.0000 0.0000 0.0000 60.1554 60.1554 0.0000 0.0000  0.0000 0.0000 0.0000 0.0000 0.0000 0.0000
2026 5 7 11 0.0000 17.9500 0.0000 0.0000 0.0000 60.1554 60.1554 0.0000 0.0000  0.0000 0.0000 0.0000 0.0000 0.0000 0.0000
2026 5 7 12 4.0000 82.5800 1.0000 4.0000 0.0000 55.3482 60.1482 1.8342 0.1274  151.4652 1.0000 1.0000 0.0000 0.0000 150.4652
2026 5 7 13 0.0000 25.5000 0.0000 0.0000 0.0000 60.1410 60.1410 0.0000 0.0000  0.0000 1.0000 1.0000 0.0000 0.0000 -1.0000
2026 5 7 14 4.0000 55.8200 1.0000 4.0000 0.0000 55.3338 60.1338 1.8337 0.1273  102.3565 1.0000 1.0000 0.0000 0.0000 101.3565
2026 5 7 15 3.4000 29.3900 0.8500 3.4000 0.0000 56.6526 60.1206 1.6865 0.1378  49.5648 0.0000 0.0000 0.0000 0.0000 49.5648
2026 5 7 16 4.0000 46.9600 1.0000 4.0000 0.0000 55.3073 60.1073 1.8328 0.1273  86.0687 0.0000 0.0000 0.0000 0.0000 86.0687
2026 5 7 17 3.0800 17.5900 0.7700 3.0800 0.0000 57.2487 60.0946 1.5438 0.1392  27.1555 0.0000 0.0000 0.0000 0.0000 27.1555
2026 5 7 18 4.0000 88.3300 1.0000 4.0000 0.0000 55.2819 60.0819 1.8320 0.1272  161.8177 0.0000 0.0000 0.0000 0.0000 161.8177
2026 5 7 19 4.0000 80.8200 1.0000 4.0000 0.0000 55.2676 60.0676 1.8315 0.1272  148.0212 0.0000 0.0000 0.0000 0.0000 148.0212
2026 5 7 20 4.0000 88.8300 1.0000 4.0000 0.0000 55.2567 60.0567 1.8311 0.1272  162.6593 0.0000 0.0000 0.0000 0.0000 162.6593
2026 5 7 21 4.0000 78.9000 1.0000 4.0000 0.0000 55.2490 60.0490 1.8309 0.1271  144.4561 0.0000 0.0000 0.0000 0.0000 144.4561
2026 5 7 22 4.0000 59.9800 1.0000 4.0000 0.0000 55.2412 60.0412 1.8306 0.1271  109.8005 0.0000 0.0000 0.0000 0.0000 109.8005
2026 5 7 23 4.0000 50.7100 1.0000 4.0000 0.0000 55.2338 60.0338 1.8304 0.1271  92.8183 0.0000 0.0000 0.0000 0.0000 92.8183
2026 5 8 0 4.0000 99.0800 1.0000 4.0000 0.0000 55.2320 60.0320 1.8303 0.1271  181.3473 0.0000 0.0000 0.0000 0.0000 181.3473
2026 5 8 1 4.0000 59.4000 1.0000 4.0000 0.0000 55.2436 60.0436 1.8307 0.1271  108.7434 0.0000 0.0000 0.0000 0.0000 108.7434
2026 5 8 2 3.0000 16.8900 0.7500 3.0000 0.0000 57.3740 60.0740 1.5070 0.1395  25.4531 0.0000 0.0000 0.0000 0.0000 25.4531
2026 5 8 3 3.0000 18.5200 0.7500 3.0000 0.0000 57.4359 60.1359 1.5086 0.1397  27.9396 0.0000 0.0000 0.0000 0.0000 27.9396
2026 5 8 4 3.0000 27.1000 0.7500 3.0000 0.0000 57.5042 60.2042 1.5104 0.1399  40.9322 0.0000 0.0000 0.0000 0.0000 40.9322
2026 5 8 5 0.0000 18.9700 0.0000 0.0000 0.0000 60.2554 60.2554 0.0000 0.0000  0.0000 1.0000 1.0000 0.0000 0.0000 -1.0000
2026 5 8 6 0.0000 16.0000 0.0000 0.0000 0.0000 60.2887 60.2887 0.0000 0.0000  0.0000 0.0000 0.0000 0.0000 0.0000 0.0000
2026 5 8 7 0.0000 13.0000 0.0000 0.0000 0.0000 60.3084 60.3084 0.0000 0.0000  0.0000 0.0000 0.0000 0.0000 0.0000 0.0000
2026 5 8 8 0.0000 11.0000 0.0000 0.0000 0.0000 60.3192 60.3192 0.0000 0.0000  0.0000 0.0000 0.0000 0.0000 0.0000 0.0000
2026 5 8 9 4.0000 12.0000 1.0000 4.0000 0.0000 55.5120 60.3120 1.8396 0.1277  22.0751 1.0000 1.0000 0.0000 0.0000 21.0751
2026 5 8 10 4.0000 13.0000 1.0000 4.0000 0.0000 55.4977 60.2977 1.8391 0.1277  23.9085 0.0000 0.0000 0.0000 0.0000 23.9085
2026 5 8 11 4.0000 16.0000 1.0000 4.0000 0.0000 55.4833 60.2833 1.8386 0.1277  29.4183 0.0000 0.0000 0.0000 0.0000 29.4183
2026 5 8 12 4.0000 12.0000 1.0000 4.0000 0.0000 55.4690 60.2690 1.8382 0.1277  22.0580 0.0000 0.0000 0.0000 0.0000 22.0580
2026 5 8 13 4.0000 13.0000 1.0000 4.0000 0.0000 55.4547 60.2547 1.8377 0.1276  23.8900 0.0000 0.0000 0.0000 0.0000 23.8900
2026 5 8 14 4.0000 12.0000 1.0000 4.0000 0.0000 55.4403 60.2403 1.8372 0.1276  22.0466 0.0000 0.0000 0.0000 0.0000 22.0466
2026 5 8 15 4.0000 11.0000 1.0000 4.0000 0.0000 55.4260 60.2260 1.8367 0.1276  20.2042 0.0000 0.0000 0.0000 0.0000 20.2042
2026 5 8 16 4.0000 8.0000 1.0000 4.0000 0.0000 55.4188 60.2188 1.8365 0.1275  14.6920 0.0000 0.0000 0.0000 0.0000 14.6920
2026 5 8 17 4.0000 15.0000 1.0000 4.0000 0.0000 55.4260 60.2260 1.8367 0.1276  27.5511 0.0000 0.0000 0.0000 0.0000 27.5511
2026 5 8 18 4.0000 12.0000 1.0000 4.0000 0.0000 55.4600 60.2600 1.8379 0.1276  22.0544 0.0000 0.0000 0.0000 0.0000 22.0544
2026 5 8 19 4.0000 15.0000 1.0000 4.0000 0.0000 55.4851 60.2851 1.8387 0.1277  27.5805 0.0000 0.0000 0.0000 0.0000 27.5805
2026 5 8 20 4.0000 13.0000 1.0000 4.0000 0.0000 55.4762 60.2762 1.8384 0.1277  23.8993 0.0000 0.0000 0.0000 0.0000 23.8993
2026 5 8 21 4.0000 14.0000 1.0000 4.0000 0.0000 55.4618 60.2618 1.8379 0.1276  25.7310 0.0000 0.0000 0.0000 0.0000 25.7310
2026 5 8 22 4.0000 17.0000 1.0000 4.0000 0.0000 55.4475 60.2475 1.8375 0.1276  31.2367 0.0000 0.0000 0.0000 0.0000 31.2367
2026 5 8 23 4.0000 16.0000 1.0000 4.0000 0.0000 55.4332 60.2332 1.8370 0.1276  29.3917 0.0000 0.0000 0.0000 0.0000 29.3917
