CHANNEL node 11 HYNNEKLEIV
N_CASCADE_LINRES 2
K_TRAVELTIME_HOURS 4.00
yyyy mm dd hh [m3/s]    [Mm3]       [m3/s]      [Euro]
yyyy mm dd hh Up_Inflow Storage_Mm3 tot_outflow Qmin_Cost
2022 9 1 0 0.0000 0.00365193 0.3745 0.0000 
2022 9 1 1 0.0000 0.00259061 0.2948 0.0000 
2022 9 1 2 0.0000 0.00179910 0.2199 0.0000 
2022 9 1 3 0.0000 0.00122939 0.1583 0.0000 
2022 9 1 4 0.0000 0.00082947 0.1111 0.0000 
2022 9 1 5 0.0000 0.00055393 0.0765 0.0000 
2022 9 1 6 0.0000 0.00036681 0.0520 0.0000 
2022 9 1 7 0.0000 0.00024118 0.0349 0.0000 
2022 9 1 8 0.0000 0.00015763 0.0232 0.0000 
2022 9 1 9 0.0000 0.00010248 0.0153 0.0000 
2022 9 1 10 0.0000 0.00006633 0.0100 0.0000 
2022 9 1 11 0.0000 0.00004276 0.0065 0.0000 
2022 9 1 12 0.0000 0.00002747 0.0042 0.0000 
2022 9 1 13 0.0000 0.00001759 0.0027 0.0000 
2022 9 1 14 0.0000 0.00001124 0.0018 0.0000 
2022 9 1 15 0.0000 0.00000716 0.0011 0.0000 
2022 9 1 16 0.0000 0.00000455 0.0007 0.0000 
2022 9 1 17 0.0000 0.00000289 0.0005 0.0000 
2022 9 1 18 0.0000 0.00000183 0.0003 0.0000 
2022 9 1 19 0.0000 0.00000115 0.0002 0.0000 
2022 9 1 20 0.0000 0.00000073 0.0001 0.0000 
2022 9 1 21 0.0000 0.00000046 0.0001 0.0000 
2022 9 1 22 0.0000 0.00000029 0.0000 0.0000 
2022 9 1 23 0.0000 0.00000018 0.0000 0.0000 
2022 9 2 0 0.0000 0.00000011 0.0000 0.0000 
2022 9 2 1 0.0000 0.00000007 0.0000 0.0000 
2022 9 2 2 0.0000 0.00000004 0.0000 0.0000 
2022 9 2 3 0.0000 0.00000003 0.0000 0.0000 
2022 9 2 4 0.0000 0.00000002 0.0000 0.0000 
2022 9 2 5 0.0000 0.00000001 0.0000 0.0000 
2022 9 2 6 0.0000 0.00000001 0.0000 0.0000 
2022 9 2 7 0.0000 0.00000000 0.0000 0.0000 
2022 9 2 8 0.0000 0.00000000 0.0000 0.0000 
2022 9 2 9 0.0000 0.00000000 0.0000 0.0000 
2022 9 2 10 0.0000 0.00000000 0.0000 0.0000 
2022 9 2 11 0.0000 0.00000000 0.0000 0.0000 
2022 9 2 12 0.0000 0.00000000 0.0000 0.0000 
2022 9 2 13 0.0000 0.00000000 0.0000 0.0000 
2022 9 2 14 0.0000 0.00000000 0.0000 0.0000 
2022 9 2 15 0.0000 0.00000000 0.0000 0.0000 
2022 9 2 16 0.0000 0.00000000 0.0000 0.0000 
2022 9 2 17 0.0000 0.00000000 0.0000 0.0000 
2022 9 2 18 0.0000 0.00000000 0.0000 0.0000 
2022 9 2 19 0.0000 0.00000000 0.0000 0.0000 
2022 9 2 20 0.0000 0.00000000 0.0000 0.0000 
2022 9 2 21 0.0000 0.00000000 0.0000 0.0000 
2022 9 2 22 0.0000 0.00000000 0.0000 0.0000 
2022 9 2 23 0.0000 0.00000000 0.0000 0.0000 
2022 9 3 0 0.0000 0.00000000 0.0000 0.0000 
2022 9 3 1 0.0000 0.00000000 0.0000 0.0000 
2022 9 3 2 0.0000 0.00000000 0.0000 0.0000 
2022 9 3 3 0.0000 0.00000000 0.0000 0.0000 
2022 9 3 4 0.0000 0.00000000 0.0000 0.0000 
2022 9 3 5 0.0000 0.00000000 0.0000 0.0000 
2022 9 3 6 0.0000 0.00000000 0.0000 0.0000 
2022 9 3 7 0.0000 0.00000000 0.0000 0.0000 
2022 9 3 8 0.0000 0.00000000 0.0000 0.0000 
2022 9 3 9 0.0000 0.00000000 0.0000 0.0000 
2022 9 3 10 0.0000 0.00000000 0.0000 0.0000 
2022 9 3 11 0.0000 0.00000000 0.0000 0.0000 
2022 9 3 12 0.0000 0.00000000 0.0000 0.0000 
2022 9 3 13 0.0000 0.00000000 0.0000 0.0000 
2022 9 3 14 0.0000 0.00000000 0.0000 0.0000 
2022 9 3 15 0.0000 0.00000000 0.0000 0.0000 
2022 9 3 16 0.0000 0.00000000 0.0000 0.0000 
2022 9 3 17 0.0000 0.00000000 0.0000 0.0000 
2022 9 3 18 0.0000 0.00000000 0.0000 0.0000 
2022 9 3 19 0.0000 0.00000000 0.0000 0.0000 
2022 9 3 20 0.0000 0.00000000 0.0000 0.0000 
2022 9 3 21 0.0000 0.00000000 0.0000 0.0000 
2022 9 3 22 0.0000 0.00000000 0.0000 0.0000 
2022 9 3 23 0.0000 0.00000000 0.0000 0.0000 
2022 9 4 0 0.0000 0.00000000 0.0000 0.0000 
2022 9 4 1 0.0000 0.00000000 0.0000 0.0000 
2022 9 4 2 0.0000 0.00000000 0.0000 0.0000 
2022 9 4 3 0.0000 0.00000000 0.0000 0.0000 
2022 9 4 4 0.0000 0.00000000 0.0000 0.0000 
2022 9 4 5 7.8400 0.02694277 0.3559 0.0000 
2022 9 4 6 7.8400 0.05016158 1.3903 0.0000 
2022 9 4 7 7.8400 0.06841573 2.7694 0.0000 
2022 9 4 8 7.8400 0.08201740 4.0618 0.0000 
2022 9 4 9 7.8400 0.09180175 5.1221 0.0000 
2022 9 4 10 7.8400 0.09866698 5.9330 0.0000 
2022 9 4 11 7.8400 0.10339547 6.5265 0.0000 
2022 9 4 12 7.8400 0.10660584 6.9482 0.0000 
2022 9 4 13 7.8400 0.10876070 7.2414 0.0000 
2022 9 4 14 7.8400 0.11019365 7.4420 0.0000 
2022 9 4 15 7.8400 0.11113917 7.5774 0.0000 
2022 9 4 16 7.8400 0.11175900 7.6678 0.0000 
2022 9 4 17 7.8400 0.11216305 7.7278 0.0000 
2022 9 4 18 7.8400 0.11242517 7.7672 0.0000 
2022 9 4 19 7.8400 0.11259449 7.7930 0.0000 
2022 9 4 20 7.8400 0.11270346 7.8097 0.0000 
2022 9 4 21 7.8400 0.11277335 7.8206 0.0000 
2022 9 4 22 7.8400 0.11281806 7.8276 0.0000 
2022 9 4 23 7.8400 0.11284657 7.8321 0.0000 
2022 9 5 0 7.8400 0.11286471 7.8350 0.0000 
2022 9 5 1 7.8400 0.11287623 7.8368 0.0000 
2022 9 5 2 7.8400 0.11288353 7.8380 0.0000 
2022 9 5 3 7.8400 0.11288814 7.8387 0.0000 
2022 9 5 4 7.8400 0.11289106 7.8392 0.0000 
2022 9 5 5 7.8400 0.11289290 7.8395 0.0000 
2022 9 5 6 7.8400 0.11289405 7.8397 0.0000 
2022 9 5 7 7.8400 0.11289478 7.8398 0.0000 
2022 9 5 8 7.8400 0.11289524 7.8399 0.0000 
2022 9 5 9 7.8400 0.11289552 7.8399 0.0000 
2022 9 5 10 7.8400 0.11289570 7.8400 0.0000 
2022 9 5 11 7.8400 0.11289581 7.8400 0.0000 
2022 9 5 12 7.8400 0.11289589 7.8400 0.0000 
2022 9 5 13 7.8400 0.11289593 7.8400 0.0000 
2022 9 5 14 7.8400 0.11289596 7.8400 0.0000 
2022 9 5 15 7.8400 0.11289597 7.8400 0.0000 
2022 9 5 16 7.8400 0.11289598 7.8400 0.0000 
2022 9 5 17 7.8400 0.11289599 7.8400 0.0000 
2022 9 5 18 7.8400 0.11289599 7.8400 0.0000 
2022 9 5 19 7.8400 0.11289600 7.8400 0.0000 
2022 9 5 20 7.8400 0.11289600 7.8400 0.0000 
2022 9 5 21 7.8400 0.11289600 7.8400 0.0000 
2022 9 5 22 7.8400 0.11289600 7.8400 0.0000 
2022 9 5 23 7.8400 0.11289600 7.8400 0.0000 
2022 9 6 0 7.8400 0.11289600 7.8400 0.0000 
2022 9 6 1 7.8400 0.11289600 7.8400 0.0000 
2022 9 6 2 7.8400 0.11289600 7.8400 0.0000 
2022 9 6 3 7.8400 0.11289600 7.8400 0.0000 
2022 9 6 4 7.8400 0.11289600 7.8400 0.0000 
2022 9 6 5 7.8400 0.11289600 7.8400 0.0000 
2022 9 6 6 7.8400 0.11289600 7.8400 0.0000 
2022 9 6 7 7.8400 0.11289600 7.8400 0.0000 
2022 9 6 8 7.8400 0.11289600 7.8400 0.0000 
2022 9 6 9 7.8400 0.11289600 7.8400 0.0000 
2022 9 6 10 7.8400 0.11289600 7.8400 0.0000 
2022 9 6 11 7.8400 0.11289600 7.8400 0.0000 
2022 9 6 12 7.8400 0.11289600 7.8400 0.0000 
2022 9 6 13 7.8400 0.11289600 7.8400 0.0000 
2022 9 6 14 7.8400 0.11289600 7.8400 0.0000 
2022 9 6 15 7.8400 0.11289600 7.8400 0.0000 
2022 9 6 16 7.8400 0.11289600 7.8400 0.0000 
2022 9 6 17 7.8400 0.11289600 7.8400 0.0000 
2022 9 6 18 7.8400 0.11289600 7.8400 0.0000 
2022 9 6 19 7.8400 0.11289600 7.8400 0.0000 
2022 9 6 20 7.8400 0.11289600 7.8400 0.0000 
2022 9 6 21 7.8400 0.11289600 7.8400 0.0000 
2022 9 6 22 7.8400 0.11289600 7.8400 0.0000 
2022 9 6 23 7.8400 0.11289600 7.8400 0.0000 
2022 9 7 0 7.8400 0.11289600 7.8400 0.0000 
2022 9 7 1 7.8400 0.11289600 7.8400 0.0000 
2022 9 7 2 7.8400 0.11289600 7.8400 0.0000 
2022 9 7 3 7.8400 0.11289600 7.8400 0.0000 
2022 9 7 4 7.8400 0.11289600 7.8400 0.0000 
2022 9 7 5 7.8400 0.11289600 7.8400 0.0000 
2022 9 7 6 7.8400 0.11289600 7.8400 0.0000 
2022 9 7 7 7.8400 0.11289600 7.8400 0.0000 
2022 9 7 8 7.8400 0.11289600 7.8400 0.0000 
2022 9 7 9 7.8400 0.11289600 7.8400 0.0000 
2022 9 7 10 7.8400 0.11289600 7.8400 0.0000 
2022 9 7 11 7.8400 0.11289600 7.8400 0.0000 
2022 9 7 12 7.8400 0.11289600 7.8400 0.0000 
2022 9 7 13 7.8400 0.11289600 7.8400 0.0000 
2022 9 7 14 7.8400 0.11289600 7.8400 0.0000 
2022 9 7 15 7.8400 0.11289600 7.8400 0.0000 
2022 9 7 16 7.8400 0.11289600 7.8400 0.0000 
2022 9 7 17 7.8400 0.11289600 7.8400 0.0000 
2022 9 7 18 7.8400 0.11289600 7.8400 0.0000 
2022 9 7 19 7.8400 0.11289600 7.8400 0.0000 
2022 9 7 20 7.8400 0.11289600 7.8400 0.0000 
2022 9 7 21 7.8400 0.11289600 7.8400 0.0000 
2022 9 7 22 7.8400 0.11289600 7.8400 0.0000 
2022 9 7 23 7.8400 0.11289600 7.8400 0.0000 
2022 9 8 0 7.8400 0.11289600 7.8400 0.0000 
2022 9 8 1 7.8400 0.11289600 7.8400 0.0000 
2022 9 8 2 7.8400 0.11289600 7.8400 0.0000 
2022 9 8 3 7.8400 0.11289600 7.8400 0.0000 
2022 9 8 4 7.8400 0.11289600 7.8400 0.0000 
2022 9 8 5 7.8400 0.11289600 7.8400 0.0000 
2022 9 8 6 7.8400 0.11289600 7.8400 0.0000 
2022 9 8 7 7.8400 0.11289600 7.8400 0.0000 
2022 9 8 8 7.8400 0.11289600 7.8400 0.0000 
2022 9 8 9 7.8400 0.11289600 7.8400 0.0000 
2022 9 8 10 7.8400 0.11289600 7.8400 0.0000 
2022 9 8 11 7.8400 0.11289600 7.8400 0.0000 
2022 9 8 12 7.8400 0.11289600 7.8400 0.0000 
2022 9 8 13 7.8400 0.11289600 7.8400 0.0000 
2022 9 8 14 7.8400 0.11289600 7.8400 0.0000 
2022 9 8 15 7.8400 0.11289600 7.8400 0.0000 
2022 9 8 16 7.8400 0.11289600 7.8400 0.0000 
2022 9 8 17 7.8400 0.11289600 7.8400 0.0000 
2022 9 8 18 7.8400 0.11289600 7.8400 0.0000 
2022 9 8 19 7.8400 0.11289600 7.8400 0.0000 
2022 9 8 20 7.8400 0.11289600 7.8400 0.0000 
2022 9 8 21 7.8400 0.11289600 7.8400 0.0000 
2022 9 8 22 7.8400 0.11289600 7.8400 0.0000 
2022 9 8 23 7.8400 0.11289600 7.8400 0.0000 
2022 9 9 0 7.8400 0.11289600 7.8400 0.0000 
2022 9 9 1 7.8400 0.11289600 7.8400 0.0000 
2022 9 9 2 7.8400 0.11289600 7.8400 0.0000 
2022 9 9 3 7.8400 0.11289600 7.8400 0.0000 
2022 9 9 4 7.8400 0.11289600 7.8400 0.0000 
2022 9 9 5 7.8400 0.11289600 7.8400 0.0000 
2022 9 9 6 7.8400 0.11289600 7.8400 0.0000 
2022 9 9 7 7.8400 0.11289600 7.8400 0.0000 
2022 9 9 8 7.8400 0.11289600 7.8400 0.0000 
2022 9 9 9 7.8400 0.11289600 7.8400 0.0000 
2022 9 9 10 7.8400 0.11289600 7.8400 0.0000 
2022 9 9 11 7.8400 0.11289600 7.8400 0.0000 
2022 9 9 12 7.8400 0.11289600 7.8400 0.0000 
2022 9 9 13 7.8400 0.11289600 7.8400 0.0000 
2022 9 9 14 7.8400 0.11289600 7.8400 0.0000 
2022 9 9 15 7.8400 0.11289600 7.8400 0.0000 
2022 9 9 16 7.8400 0.11289600 7.8400 0.0000 
2022 9 9 17 7.8400 0.11289600 7.8400 0.0000 
2022 9 9 18 7.8400 0.11289600 7.8400 0.0000 
2022 9 9 19 7.8400 0.11289600 7.8400 0.0000 
2022 9 9 20 7.8400 0.11289600 7.8400 0.0000 
2022 9 9 21 7.8400 0.11289600 7.8400 0.0000 
2022 9 9 22 7.8400 0.11289600 7.8400 0.0000 
2022 9 9 23 7.8400 0.11289600 7.8400 0.0000 
2022 9 10 0 7.8400 0.11289600 7.8400 0.0000 
2022 9 10 1 7.8400 0.11289600 7.8400 0.0000 
2022 9 10 2 7.8400 0.11289600 7.8400 0.0000 
2022 9 10 3 7.8400 0.11289600 7.8400 0.0000 
2022 9 10 4 7.8400 0.11289600 7.8400 0.0000 
2022 9 10 5 7.8400 0.11289600 7.8400 0.0000 
2022 9 10 6 7.8400 0.11289600 7.8400 0.0000 
2022 9 10 7 7.8400 0.11289600 7.8400 0.0000 
2022 9 10 8 7.8400 0.11289600 7.8400 0.0000 
2022 9 10 9 7.8400 0.11289600 7.8400 0.0000 
2022 9 10 10 7.8400 0.11289600 7.8400 0.0000 
2022 9 10 11 7.8400 0.11289600 7.8400 0.0000 
2022 9 10 12 7.8400 0.11289600 7.8400 0.0000 
2022 9 10 13 7.8400 0.11289600 7.8400 0.0000 
2022 9 10 14 7.8400 0.11289600 7.8400 0.0000 
2022 9 10 15 7.8400 0.11289600 7.8400 0.0000 
2022 9 10 16 7.8400 0.11289600 7.8400 0.0000 
2022 9 10 17 7.8400 0.11289600 7.8400 0.0000 
2022 9 10 18 7.8400 0.11289600 7.8400 0.0000 
2022 9 10 19 7.8400 0.11289600 7.8400 0.0000 
2022 9 10 20 7.8400 0.11289600 7.8400 0.0000 
2022 9 10 21 7.8400 0.11289600 7.8400 0.0000 
2022 9 10 22 7.8400 0.11289600 7.8400 0.0000 
2022 9 10 23 7.8400 0.11289600 7.8400 0.0000 
2022 9 11 0 7.8400 0.11289600 7.8400 0.0000 
2022 9 11 1 7.8400 0.11289600 7.8400 0.0000 
2022 9 11 2 7.8400 0.11289600 7.8400 0.0000 
2022 9 11 3 7.8400 0.11289600 7.8400 0.0000 
2022 9 11 4 7.8400 0.11289600 7.8400 0.0000 
2022 9 11 5 7.8400 0.11289600 7.8400 0.0000 
2022 9 11 6 7.8400 0.11289600 7.8400 0.0000 
2022 9 11 7 7.8400 0.11289600 7.8400 0.0000 
2022 9 11 8 7.8400 0.11289600 7.8400 0.0000 
2022 9 11 9 7.8400 0.11289600 7.8400 0.0000 
2022 9 11 10 7.8400 0.11289600 7.8400 0.0000 
2022 9 11 11 7.8400 0.11289600 7.8400 0.0000 
2022 9 11 12 7.8400 0.11289600 7.8400 0.0000 
2022 9 11 13 7.8400 0.11289600 7.8400 0.0000 
2022 9 11 14 7.8400 0.11289600 7.8400 0.0000 
2022 9 11 15 7.8400 0.11289600 7.8400 0.0000 
2022 9 11 16 7.8400 0.11289600 7.8400 0.0000 
2022 9 11 17 7.8400 0.11289600 7.8400 0.0000 
2022 9 11 18 7.8400 0.11289600 7.8400 0.0000 
2022 9 11 19 7.8400 0.11289600 7.8400 0.0000 
2022 9 11 20 7.8400 0.11289600 7.8400 0.0000 
2022 9 11 21 7.8400 0.11289600 7.8400 0.0000 
2022 9 11 22 7.8400 0.11289600 7.8400 0.0000 
2022 9 11 23 7.8400 0.11289600 7.8400 0.0000 
2022 9 12 0 7.8400 0.11289600 7.8400 0.0000 
2022 9 12 1 7.8400 0.11289600 7.8400 0.0000 
2022 9 12 2 7.8400 0.11289600 7.8400 0.0000 
2022 9 12 3 7.8400 0.11289600 7.8400 0.0000 
2022 9 12 4 7.8400 0.11289600 7.8400 0.0000 
2022 9 12 5 7.8400 0.11289600 7.8400 0.0000 
2022 9 12 6 7.8400 0.11289600 7.8400 0.0000 
2022 9 12 7 7.8400 0.11289600 7.8400 0.0000 
2022 9 12 8 7.8400 0.11289600 7.8400 0.0000 
2022 9 12 9 7.8400 0.11289600 7.8400 0.0000 
2022 9 12 10 7.8400 0.11289600 7.8400 0.0000 
2022 9 12 11 7.8400 0.11289600 7.8400 0.0000 
2022 9 12 12 7.8400 0.11289600 7.8400 0.0000 
2022 9 12 13 7.8400 0.11289600 7.8400 0.0000 
2022 9 12 14 7.8400 0.11289600 7.8400 0.0000 
2022 9 12 15 7.8400 0.11289600 7.8400 0.0000 
2022 9 12 16 7.8400 0.11289600 7.8400 0.0000 
2022 9 12 17 7.8400 0.11289600 7.8400 0.0000 
2022 9 12 18 7.8400 0.11289600 7.8400 0.0000 
2022 9 12 19 7.8400 0.11289600 7.8400 0.0000 
2022 9 12 20 7.8400 0.11289600 7.8400 0.0000 
2022 9 12 21 7.8400 0.11289600 7.8400 0.0000 
2022 9 12 22 7.8400 0.11289600 7.8400 0.0000 
2022 9 12 23 7.8400 0.11289600 7.8400 0.0000 
2022 9 13 0 7.8400 0.11289600 7.8400 0.0000 
2022 9 13 1 7.8400 0.11289600 7.8400 0.0000 
2022 9 13 2 7.8400 0.11289600 7.8400 0.0000 
2022 9 13 3 7.8400 0.11289600 7.8400 0.0000 
2022 9 13 4 7.8400 0.11289600 7.8400 0.0000 
2022 9 13 5 7.8400 0.11289600 7.8400 0.0000 
2022 9 13 6 7.8400 0.11289600 7.8400 0.0000 
2022 9 13 7 7.8400 0.11289600 7.8400 0.0000 
2022 9 13 8 7.8400 0.11289600 7.8400 0.0000 
2022 9 13 9 7.8400 0.11289600 7.8400 0.0000 
2022 9 13 10 7.8400 0.11289600 7.8400 0.0000 
2022 9 13 11 7.8400 0.11289600 7.8400 0.0000 
2022 9 13 12 7.8400 0.11289600 7.8400 0.0000 
2022 9 13 13 7.8400 0.11289600 7.8400 0.0000 
2022 9 13 14 7.8400 0.11289600 7.8400 0.0000 
2022 9 13 15 7.8400 0.11289600 7.8400 0.0000 
2022 9 13 16 7.8400 0.11289600 7.8400 0.0000 
2022 9 13 17 7.8400 0.11289600 7.8400 0.0000 
2022 9 13 18 7.8400 0.11289600 7.8400 0.0000 
2022 9 13 19 7.8400 0.11289600 7.8400 0.0000 
2022 9 13 20 7.8400 0.11289600 7.8400 0.0000 
2022 9 13 21 7.8400 0.11289600 7.8400 0.0000 
2022 9 13 22 7.8400 0.11289600 7.8400 0.0000 
2022 9 13 23 7.8400 0.11289600 7.8400 0.0000 
2022 9 14 0 7.8400 0.11289600 7.8400 0.0000 
2022 9 14 1 7.8400 0.11289600 7.8400 0.0000 
2022 9 14 2 7.8400 0.11289600 7.8400 0.0000 
2022 9 14 3 7.8400 0.11289600 7.8400 0.0000 
2022 9 14 4 7.8400 0.11289600 7.8400 0.0000 
2022 9 14 5 7.8400 0.11289600 7.8400 0.0000 
2022 9 14 6 7.8400 0.11289600 7.8400 0.0000 
2022 9 14 7 7.8400 0.11289600 7.8400 0.0000 
2022 9 14 8 7.8400 0.11289600 7.8400 0.0000 
2022 9 14 9 7.8400 0.11289600 7.8400 0.0000 
2022 9 14 10 7.8400 0.11289600 7.8400 0.0000 
2022 9 14 11 7.8400 0.11289600 7.8400 0.0000 
2022 9 14 12 7.8400 0.11289600 7.8400 0.0000 
2022 9 14 13 7.8400 0.11289600 7.8400 0.0000 
2022 9 14 14 7.8400 0.11289600 7.8400 0.0000 
2022 9 14 15 7.8400 0.11289600 7.8400 0.0000 
2022 9 14 16 7.8400 0.11289600 7.8400 0.0000 
2022 9 14 17 7.8400 0.11289600 7.8400 0.0000 
2022 9 14 18 7.8400 0.11289600 7.8400 0.0000 
2022 9 14 19 7.8400 0.11289600 7.8400 0.0000 
2022 9 14 20 7.8400 0.11289600 7.8400 0.0000 
2022 9 14 21 7.8400 0.11289600 7.8400 0.0000 
2022 9 14 22 7.8400 0.11289600 7.8400 0.0000 
2022 9 14 23 7.8400 0.11289600 7.8400 0.0000 
2022 9 15 0 7.8400 0.11289600 7.8400 0.0000 
2022 9 15 1 7.8400 0.11289600 7.8400 0.0000 
2022 9 15 2 7.8400 0.11289600 7.8400 0.0000 
2022 9 15 3 7.8400 0.11289600 7.8400 0.0000 
2022 9 15 4 7.8400 0.11289600 7.8400 0.0000 
2022 9 15 5 7.8400 0.11289600 7.8400 0.0000 
2022 9 15 6 7.8400 0.11289600 7.8400 0.0000 
2022 9 15 7 7.8400 0.11289600 7.8400 0.0000 
2022 9 15 8 7.8400 0.11289600 7.8400 0.0000 
2022 9 15 9 7.8400 0.11289600 7.8400 0.0000 
2022 9 15 10 7.8400 0.11289600 7.8400 0.0000 
2022 9 15 11 7.8400 0.11289600 7.8400 0.0000 
2022 9 15 12 7.8400 0.11289600 7.8400 0.0000 
2022 9 15 13 7.8400 0.11289600 7.8400 0.0000 
2022 9 15 14 7.8400 0.11289600 7.8400 0.0000 
2022 9 15 15 7.8400 0.11289600 7.8400 0.0000 
2022 9 15 16 7.8400 0.11289600 7.8400 0.0000 
2022 9 15 17 7.8400 0.11289600 7.8400 0.0000 
2022 9 15 18 7.8400 0.11289600 7.8400 0.0000 
2022 9 15 19 7.8400 0.11289600 7.8400 0.0000 
2022 9 15 20 7.8400 0.11289600 7.8400 0.0000 
2022 9 15 21 7.8400 0.11289600 7.8400 0.0000 
2022 9 15 22 7.8400 0.11289600 7.8400 0.0000 
2022 9 15 23 7.8400 0.11289600 7.8400 0.0000 
2022 9 16 0 7.8400 0.11289600 7.8400 0.0000 
2022 9 16 1 7.8400 0.11289600 7.8400 0.0000 
2022 9 16 2 7.8400 0.11289600 7.8400 0.0000 
2022 9 16 3 7.8400 0.11289600 7.8400 0.0000 
2022 9 16 4 7.8400 0.11289600 7.8400 0.0000 
2022 9 16 5 7.8400 0.11289600 7.8400 0.0000 
2022 9 16 6 7.8400 0.11289600 7.8400 0.0000 
2022 9 16 7 7.8400 0.11289600 7.8400 0.0000 
2022 9 16 8 7.8400 0.11289600 7.8400 0.0000 
2022 9 16 9 7.8400 0.11289600 7.8400 0.0000 
2022 9 16 10 7.8400 0.11289600 7.8400 0.0000 
2022 9 16 11 7.8400 0.11289600 7.8400 0.0000 
2022 9 16 12 7.8400 0.11289600 7.8400 0.0000 
2022 9 16 13 7.8400 0.11289600 7.8400 0.0000 
2022 9 16 14 7.8400 0.11289600 7.8400 0.0000 
2022 9 16 15 7.8400 0.11289600 7.8400 0.0000 
2022 9 16 16 7.8400 0.11289600 7.8400 0.0000 
2022 9 16 17 7.8400 0.11289600 7.8400 0.0000 
2022 9 16 18 7.8400 0.11289600 7.8400 0.0000 
2022 9 16 19 7.8400 0.11289600 7.8400 0.0000 
2022 9 16 20 7.8400 0.11289600 7.8400 0.0000 
2022 9 16 21 7.8400 0.11289600 7.8400 0.0000 
2022 9 16 22 7.8400 0.11289600 7.8400 0.0000 
2022 9 16 23 7.8400 0.11289600 7.8400 0.0000 
2022 9 17 0 7.8400 0.11289600 7.8400 0.0000 
2022 9 17 1 7.8400 0.11289600 7.8400 0.0000 
2022 9 17 2 7.8400 0.11289600 7.8400 0.0000 
2022 9 17 3 7.8400 0.11289600 7.8400 0.0000 
2022 9 17 4 7.8400 0.11289600 7.8400 0.0000 
2022 9 17 5 7.8400 0.11289600 7.8400 0.0000 
2022 9 17 6 7.8400 0.11289600 7.8400 0.0000 
2022 9 17 7 7.8400 0.11289600 7.8400 0.0000 
2022 9 17 8 7.8400 0.11289600 7.8400 0.0000 
2022 9 17 9 7.8400 0.11289600 7.8400 0.0000 
2022 9 17 10 7.8400 0.11289600 7.8400 0.0000 
2022 9 17 11 7.8400 0.11289600 7.8400 0.0000 
2022 9 17 12 7.8400 0.11289600 7.8400 0.0000 
2022 9 17 13 7.8400 0.11289600 7.8400 0.0000 
2022 9 17 14 7.8400 0.11289600 7.8400 0.0000 
2022 9 17 15 7.8400 0.11289600 7.8400 0.0000 
2022 9 17 16 7.8400 0.11289600 7.8400 0.0000 
2022 9 17 17 7.8400 0.11289600 7.8400 0.0000 
2022 9 17 18 7.8400 0.11289600 7.8400 0.0000 
2022 9 17 19 7.8400 0.11289600 7.8400 0.0000 
2022 9 17 20 7.8400 0.11289600 7.8400 0.0000 
2022 9 17 21 7.8400 0.11289600 7.8400 0.0000 
2022 9 17 22 7.8400 0.11289600 7.8400 0.0000 
2022 9 17 23 7.8400 0.11289600 7.8400 0.0000 
2022 9 18 0 7.8400 0.11289600 7.8400 0.0000 
2022 9 18 1 7.8400 0.11289600 7.8400 0.0000 
2022 9 18 2 7.8400 0.11289600 7.8400 0.0000 
2022 9 18 3 7.8400 0.11289600 7.8400 0.0000 
2022 9 18 4 7.8400 0.11289600 7.8400 0.0000 
2022 9 18 5 7.8400 0.11289600 7.8400 0.0000 
2022 9 18 6 7.8400 0.11289600 7.8400 0.0000 
2022 9 18 7 7.8400 0.11289600 7.8400 0.0000 
2022 9 18 8 7.8400 0.11289600 7.8400 0.0000 
2022 9 18 9 7.8400 0.11289600 7.8400 0.0000 
2022 9 18 10 7.8400 0.11289600 7.8400 0.0000 
2022 9 18 11 7.8400 0.11289600 7.8400 0.0000 
2022 9 18 12 7.8400 0.11289600 7.8400 0.0000 
2022 9 18 13 7.8400 0.11289600 7.8400 0.0000 
2022 9 18 14 7.8400 0.11289600 7.8400 0.0000 
2022 9 18 15 7.8400 0.11289600 7.8400 0.0000 
2022 9 18 16 7.8400 0.11289600 7.8400 0.0000 
2022 9 18 17 7.8400 0.11289600 7.8400 0.0000 
2022 9 18 18 7.8400 0.11289600 7.8400 0.0000 
2022 9 18 19 7.8400 0.11289600 7.8400 0.0000 
2022 9 18 20 7.8400 0.11289600 7.8400 0.0000 
2022 9 18 21 7.8400 0.11289600 7.8400 0.0000 
2022 9 18 22 7.8400 0.11289600 7.8400 0.0000 
2022 9 18 23 7.8400 0.11289600 7.8400 0.0000 
2022 9 19 0 7.8400 0.11289600 7.8400 0.0000 
2022 9 19 1 7.8400 0.11289600 7.8400 0.0000 
2022 9 19 2 7.8400 0.11289600 7.8400 0.0000 
2022 9 19 3 7.8400 0.11289600 7.8400 0.0000 
2022 9 19 4 7.8400 0.11289600 7.8400 0.0000 
2022 9 19 5 7.8400 0.11289600 7.8400 0.0000 
2022 9 19 6 7.8400 0.11289600 7.8400 0.0000 
2022 9 19 7 7.8400 0.11289600 7.8400 0.0000 
2022 9 19 8 7.8400 0.11289600 7.8400 0.0000 
2022 9 19 9 7.8400 0.11289600 7.8400 0.0000 
2022 9 19 10 7.8400 0.11289600 7.8400 0.0000 
2022 9 19 11 7.8400 0.11289600 7.8400 0.0000 
2022 9 19 12 7.8400 0.11289600 7.8400 0.0000 
2022 9 19 13 7.8400 0.11289600 7.8400 0.0000 
2022 9 19 14 7.8400 0.11289600 7.8400 0.0000 
2022 9 19 15 7.8400 0.11289600 7.8400 0.0000 
2022 9 19 16 7.8400 0.11289600 7.8400 0.0000 
2022 9 19 17 7.8400 0.11289600 7.8400 0.0000 
2022 9 19 18 7.8400 0.11289600 7.8400 0.0000 
2022 9 19 19 7.8400 0.11289600 7.8400 0.0000 
2022 9 19 20 7.8400 0.11289600 7.8400 0.0000 
2022 9 19 21 7.8400 0.11289600 7.8400 0.0000 
2022 9 19 22 7.8400 0.11289600 7.8400 0.0000 
2022 9 19 23 7.8400 0.11289600 7.8400 0.0000 
2022 9 20 0 7.8400 0.11289600 7.8400 0.0000 
2022 9 20 1 7.8400 0.11289600 7.8400 0.0000 
2022 9 20 2 7.8400 0.11289600 7.8400 0.0000 
2022 9 20 3 7.8400 0.11289600 7.8400 0.0000 
2022 9 20 4 7.8400 0.11289600 7.8400 0.0000 
2022 9 20 5 7.8400 0.11289600 7.8400 0.0000 
2022 9 20 6 7.8400 0.11289600 7.8400 0.0000 
2022 9 20 7 7.8400 0.11289600 7.8400 0.0000 
2022 9 20 8 7.8400 0.11289600 7.8400 0.0000 
2022 9 20 9 7.8400 0.11289600 7.8400 0.0000 
2022 9 20 10 7.8400 0.11289600 7.8400 0.0000 
2022 9 20 11 7.8400 0.11289600 7.8400 0.0000 
2022 9 20 12 7.8400 0.11289600 7.8400 0.0000 
2022 9 20 13 7.8400 0.11289600 7.8400 0.0000 
2022 9 20 14 7.8400 0.11289600 7.8400 0.0000 
2022 9 20 15 7.8400 0.11289600 7.8400 0.0000 
2022 9 20 16 7.8400 0.11289600 7.8400 0.0000 
2022 9 20 17 7.8400 0.11289600 7.8400 0.0000 
2022 9 20 18 7.8400 0.11289600 7.8400 0.0000 
2022 9 20 19 7.8400 0.11289600 7.8400 0.0000 
2022 9 20 20 7.8400 0.11289600 7.8400 0.0000 
2022 9 20 21 7.8400 0.11289600 7.8400 0.0000 
2022 9 20 22 7.8400 0.11289600 7.8400 0.0000 
2022 9 20 23 7.8400 0.11289600 7.8400 0.0000 
2022 9 21 0 7.8400 0.11289600 7.8400 0.0000 
2022 9 21 1 7.8400 0.11289600 7.8400 0.0000 
2022 9 21 2 7.8400 0.11289600 7.8400 0.0000 
2022 9 21 3 7.8400 0.11289600 7.8400 0.0000 
2022 9 21 4 7.8400 0.11289600 7.8400 0.0000 
2022 9 21 5 7.8400 0.11289600 7.8400 0.0000 
2022 9 21 6 7.8400 0.11289600 7.8400 0.0000 
2022 9 21 7 7.8400 0.11289600 7.8400 0.0000 
2022 9 21 8 7.8400 0.11289600 7.8400 0.0000 
2022 9 21 9 7.8400 0.11289600 7.8400 0.0000 
2022 9 21 10 7.8400 0.11289600 7.8400 0.0000 
2022 9 21 11 7.8400 0.11289600 7.8400 0.0000 
2022 9 21 12 7.8400 0.11289600 7.8400 0.0000 
2022 9 21 13 7.8400 0.11289600 7.8400 0.0000 
2022 9 21 14 7.8400 0.11289600 7.8400 0.0000 
2022 9 21 15 7.8400 0.11289600 7.8400 0.0000 
2022 9 21 16 7.8400 0.11289600 7.8400 0.0000 
2022 9 21 17 7.8400 0.11289600 7.8400 0.0000 
2022 9 21 18 7.8400 0.11289600 7.8400 0.0000 
2022 9 21 19 7.8400 0.11289600 7.8400 0.0000 
2022 9 21 20 7.8400 0.11289600 7.8400 0.0000 
2022 9 21 21 7.8400 0.11289600 7.8400 0.0000 
2022 9 21 22 7.8400 0.11289600 7.8400 0.0000 
2022 9 21 23 7.8400 0.11289600 7.8400 0.0000 
2022 9 22 0 7.8400 0.11289600 7.8400 0.0000 
2022 9 22 1 7.8400 0.11289600 7.8400 0.0000 
2022 9 22 2 7.8400 0.11289600 7.8400 0.0000 
2022 9 22 3 7.8400 0.11289600 7.8400 0.0000 
2022 9 22 4 7.8400 0.11289600 7.8400 0.0000 
2022 9 22 5 7.8400 0.11289600 7.8400 0.0000 
2022 9 22 6 7.8400 0.11289600 7.8400 0.0000 
2022 9 22 7 7.8400 0.11289600 7.8400 0.0000 
2022 9 22 8 7.8400 0.11289600 7.8400 0.0000 
2022 9 22 9 7.8400 0.11289600 7.8400 0.0000 
2022 9 22 10 7.8400 0.11289600 7.8400 0.0000 
2022 9 22 11 7.8400 0.11289600 7.8400 0.0000 
2022 9 22 12 7.8400 0.11289600 7.8400 0.0000 
2022 9 22 13 7.8400 0.11289600 7.8400 0.0000 
2022 9 22 14 7.8400 0.11289600 7.8400 0.0000 
2022 9 22 15 7.8400 0.11289600 7.8400 0.0000 
2022 9 22 16 7.8400 0.11289600 7.8400 0.0000 
2022 9 22 17 7.8400 0.11289600 7.8400 0.0000 
2022 9 22 18 7.8400 0.11289600 7.8400 0.0000 
2022 9 22 19 7.8400 0.11289600 7.8400 0.0000 
2022 9 22 20 7.8400 0.11289600 7.8400 0.0000 
2022 9 22 21 7.8400 0.11289600 7.8400 0.0000 
2022 9 22 22 7.8400 0.11289600 7.8400 0.0000 
2022 9 22 23 7.8400 0.11289600 7.8400 0.0000 
2022 9 23 0 7.8400 0.11289600 7.8400 0.0000 
2022 9 23 1 7.8400 0.11289600 7.8400 0.0000 
2022 9 23 2 7.8400 0.11289600 7.8400 0.0000 
2022 9 23 3 7.8400 0.11289600 7.8400 0.0000 
2022 9 23 4 7.8400 0.11289600 7.8400 0.0000 
2022 9 23 5 7.8400 0.11289600 7.8400 0.0000 
2022 9 23 6 7.8400 0.11289600 7.8400 0.0000 
2022 9 23 7 7.8400 0.11289600 7.8400 0.0000 
2022 9 23 8 7.8400 0.11289600 7.8400 0.0000 
2022 9 23 9 7.8400 0.11289600 7.8400 0.0000 
2022 9 23 10 7.8400 0.11289600 7.8400 0.0000 
2022 9 23 11 7.8400 0.11289600 7.8400 0.0000 
2022 9 23 12 7.8400 0.11289600 7.8400 0.0000 
2022 9 23 13 7.8400 0.11289600 7.8400 0.0000 
2022 9 23 14 7.8400 0.11289600 7.8400 0.0000 
2022 9 23 15 7.8400 0.11289600 7.8400 0.0000 
2022 9 23 16 7.8400 0.11289600 7.8400 0.0000 
2022 9 23 17 7.8400 0.11289600 7.8400 0.0000 
2022 9 23 18 7.8400 0.11289600 7.8400 0.0000 
2022 9 23 19 7.8400 0.11289600 7.8400 0.0000 
2022 9 23 20 7.8400 0.11289600 7.8400 0.0000 
2022 9 23 21 7.8400 0.11289600 7.8400 0.0000 
2022 9 23 22 7.8400 0.11289600 7.8400 0.0000 
2022 9 23 23 7.8400 0.11289600 7.8400 0.0000 
2022 9 24 0 7.8400 0.11289600 7.8400 0.0000 
2022 9 24 1 7.8400 0.11289600 7.8400 0.0000 
2022 9 24 2 7.8400 0.11289600 7.8400 0.0000 
2022 9 24 3 7.8400 0.11289600 7.8400 0.0000 
2022 9 24 4 7.8400 0.11289600 7.8400 0.0000 
2022 9 24 5 7.8400 0.11289600 7.8400 0.0000 
2022 9 24 6 7.8400 0.11289600 7.8400 0.0000 
2022 9 24 7 7.8400 0.11289600 7.8400 0.0000 
2022 9 24 8 7.8400 0.11289600 7.8400 0.0000 
2022 9 24 9 7.8400 0.11289600 7.8400 0.0000 
2022 9 24 10 7.8400 0.11289600 7.8400 0.0000 
2022 9 24 11 7.8400 0.11289600 7.8400 0.0000 
2022 9 24 12 7.8400 0.11289600 7.8400 0.0000 
2022 9 24 13 7.8400 0.11289600 7.8400 0.0000 
2022 9 24 14 7.8400 0.11289600 7.8400 0.0000 
2022 9 24 15 7.8400 0.11289600 7.8400 0.0000 
2022 9 24 16 7.8400 0.11289600 7.8400 0.0000 
2022 9 24 17 7.8400 0.11289600 7.8400 0.0000 
2022 9 24 18 7.8400 0.11289600 7.8400 0.0000 
2022 9 24 19 7.8400 0.11289600 7.8400 0.0000 
2022 9 24 20 7.8400 0.11289600 7.8400 0.0000 
2022 9 24 21 7.8400 0.11289600 7.8400 0.0000 
2022 9 24 22 7.8400 0.11289600 7.8400 0.0000 
2022 9 24 23 7.8400 0.11289600 7.8400 0.0000 
2022 9 25 0 7.8400 0.11289600 7.8400 0.0000 
2022 9 25 1 7.8400 0.11289600 7.8400 0.0000 
2022 9 25 2 7.8400 0.11289600 7.8400 0.0000 
2022 9 25 3 7.8400 0.11289600 7.8400 0.0000 
2022 9 25 4 7.8400 0.11289600 7.8400 0.0000 
2022 9 25 5 7.8400 0.11289600 7.8400 0.0000 
2022 9 25 6 7.8400 0.11289600 7.8400 0.0000 
2022 9 25 7 7.8400 0.11289600 7.8400 0.0000 
2022 9 25 8 7.8400 0.11289600 7.8400 0.0000 
2022 9 25 9 7.8400 0.11289600 7.8400 0.0000 
2022 9 25 10 7.8400 0.11289600 7.8400 0.0000 
2022 9 25 11 7.8400 0.11289600 7.8400 0.0000 
2022 9 25 12 7.8400 0.11289600 7.8400 0.0000 
2022 9 25 13 7.8400 0.11289600 7.8400 0.0000 
2022 9 25 14 7.8400 0.11289600 7.8400 0.0000 
2022 9 25 15 7.8400 0.11289600 7.8400 0.0000 
2022 9 25 16 7.8400 0.11289600 7.8400 0.0000 
2022 9 25 17 7.8400 0.11289600 7.8400 0.0000 
2022 9 25 18 7.8400 0.11289600 7.8400 0.0000 
2022 9 25 19 7.8400 0.11289600 7.8400 0.0000 
2022 9 25 20 7.8400 0.11289600 7.8400 0.0000 
2022 9 25 21 7.8400 0.11289600 7.8400 0.0000 
2022 9 25 22 7.8400 0.11289600 7.8400 0.0000 
2022 9 25 23 7.8400 0.11289600 7.8400 0.0000 
2022 9 26 0 7.8400 0.11289600 7.8400 0.0000 
2022 9 26 1 7.8400 0.11289600 7.8400 0.0000 
2022 9 26 2 7.8400 0.11289600 7.8400 0.0000 
2022 9 26 3 7.8400 0.11289600 7.8400 0.0000 
2022 9 26 4 7.8400 0.11289600 7.8400 0.0000 
2022 9 26 5 7.8400 0.11289600 7.8400 0.0000 
2022 9 26 6 7.8400 0.11289600 7.8400 0.0000 
2022 9 26 7 7.8400 0.11289600 7.8400 0.0000 
2022 9 26 8 7.8400 0.11289600 7.8400 0.0000 
2022 9 26 9 7.8400 0.11289600 7.8400 0.0000 
2022 9 26 10 7.8400 0.11289600 7.8400 0.0000 
2022 9 26 11 7.8400 0.11289600 7.8400 0.0000 
2022 9 26 12 7.8400 0.11289600 7.8400 0.0000 
2022 9 26 13 7.8400 0.11289600 7.8400 0.0000 
2022 9 26 14 7.8400 0.11289600 7.8400 0.0000 
2022 9 26 15 7.8400 0.11289600 7.8400 0.0000 
2022 9 26 16 7.8400 0.11289600 7.8400 0.0000 
2022 9 26 17 7.8400 0.11289600 7.8400 0.0000 
2022 9 26 18 7.8400 0.11289600 7.8400 0.0000 
2022 9 26 19 7.8400 0.11289600 7.8400 0.0000 
2022 9 26 20 7.8400 0.11289600 7.8400 0.0000 
2022 9 26 21 7.8400 0.11289600 7.8400 0.0000 
2022 9 26 22 7.8400 0.11289600 7.8400 0.0000 
2022 9 26 23 7.8400 0.11289600 7.8400 0.0000 
2022 9 27 0 7.8400 0.11289600 7.8400 0.0000 
2022 9 27 1 7.8400 0.11289600 7.8400 0.0000 
2022 9 27 2 7.8400 0.11289600 7.8400 0.0000 
2022 9 27 3 7.8400 0.11289600 7.8400 0.0000 
2022 9 27 4 7.8400 0.11289600 7.8400 0.0000 
2022 9 27 5 7.8400 0.11289600 7.8400 0.0000 
2022 9 27 6 7.8400 0.11289600 7.8400 0.0000 
2022 9 27 7 7.8400 0.11289600 7.8400 0.0000 
2022 9 27 8 7.8400 0.11289600 7.8400 0.0000 
2022 9 27 9 7.8400 0.11289600 7.8400 0.0000 
2022 9 27 10 7.8400 0.11289600 7.8400 0.0000 
2022 9 27 11 7.8400 0.11289600 7.8400 0.0000 
2022 9 27 12 7.8400 0.11289600 7.8400 0.0000 
2022 9 27 13 7.8400 0.11289600 7.8400 0.0000 
2022 9 27 14 7.8400 0.11289600 7.8400 0.0000 
2022 9 27 15 7.8400 0.11289600 7.8400 0.0000 
2022 9 27 16 7.8400 0.11289600 7.8400 0.0000 
2022 9 27 17 7.8400 0.11289600 7.8400 0.0000 
2022 9 27 18 7.8400 0.11289600 7.8400 0.0000 
2022 9 27 19 7.8400 0.11289600 7.8400 0.0000 
2022 9 27 20 7.8400 0.11289600 7.8400 0.0000 
2022 9 27 21 7.8400 0.11289600 7.8400 0.0000 
2022 9 27 22 7.8400 0.11289600 7.8400 0.0000 
2022 9 27 23 7.8400 0.11289600 7.8400 0.0000 
2022 9 28 0 7.8400 0.11289600 7.8400 0.0000 
2022 9 28 1 7.8400 0.11289600 7.8400 0.0000 
2022 9 28 2 7.8400 0.11289600 7.8400 0.0000 
2022 9 28 3 7.8400 0.11289600 7.8400 0.0000 
2022 9 28 4 7.8400 0.11289600 7.8400 0.0000 
2022 9 28 5 7.8400 0.11289600 7.8400 0.0000 
2022 9 28 6 7.8400 0.11289600 7.8400 0.0000 
2022 9 28 7 7.8400 0.11289600 7.8400 0.0000 
2022 9 28 8 7.8400 0.11289600 7.8400 0.0000 
2022 9 28 9 7.8400 0.11289600 7.8400 0.0000 
2022 9 28 10 7.8400 0.11289600 7.8400 0.0000 
2022 9 28 11 7.8400 0.11289600 7.8400 0.0000 
2022 9 28 12 7.8400 0.11289600 7.8400 0.0000 
2022 9 28 13 7.8400 0.11289600 7.8400 0.0000 
2022 9 28 14 7.8400 0.11289600 7.8400 0.0000 
2022 9 28 15 7.8400 0.11289600 7.8400 0.0000 
2022 9 28 16 7.8400 0.11289600 7.8400 0.0000 
2022 9 28 17 7.8400 0.11289600 7.8400 0.0000 
2022 9 28 18 7.8400 0.11289600 7.8400 0.0000 
2022 9 28 19 7.8400 0.11289600 7.8400 0.0000 
2022 9 28 20 7.8400 0.11289600 7.8400 0.0000 
2022 9 28 21 7.8400 0.11289600 7.8400 0.0000 
2022 9 28 22 7.8400 0.11289600 7.8400 0.0000 
2022 9 28 23 7.8400 0.11289600 7.8400 0.0000 
2022 9 29 0 7.8400 0.11289600 7.8400 0.0000 
2022 9 29 1 7.8400 0.11289600 7.8400 0.0000 
2022 9 29 2 7.8400 0.11289600 7.8400 0.0000 
2022 9 29 3 7.8400 0.11289600 7.8400 0.0000 
2022 9 29 4 7.8400 0.11289600 7.8400 0.0000 
2022 9 29 5 7.8400 0.11289600 7.8400 0.0000 
2022 9 29 6 7.8400 0.11289600 7.8400 0.0000 
2022 9 29 7 7.8400 0.11289600 7.8400 0.0000 
2022 9 29 8 7.8400 0.11289600 7.8400 0.0000 
2022 9 29 9 7.8400 0.11289600 7.8400 0.0000 
2022 9 29 10 7.8400 0.11289600 7.8400 0.0000 
2022 9 29 11 7.8400 0.11289600 7.8400 0.0000 
2022 9 29 12 7.8400 0.11289600 7.8400 0.0000 
2022 9 29 13 7.8400 0.11289600 7.8400 0.0000 
2022 9 29 14 7.8400 0.11289600 7.8400 0.0000 
2022 9 29 15 7.8400 0.11289600 7.8400 0.0000 
2022 9 29 16 7.8400 0.11289600 7.8400 0.0000 
2022 9 29 17 7.8400 0.11289600 7.8400 0.0000 
2022 9 29 18 7.8400 0.11289600 7.8400 0.0000 
2022 9 29 19 7.8400 0.11289600 7.8400 0.0000 
2022 9 29 20 7.8400 0.11289600 7.8400 0.0000 
2022 9 29 21 7.8400 0.11289600 7.8400 0.0000 
2022 9 29 22 7.8400 0.11289600 7.8400 0.0000 
2022 9 29 23 7.8400 0.11289600 7.8400 0.0000 
2022 9 30 0 7.8400 0.11289600 7.8400 0.0000 
2022 9 30 1 7.8400 0.11289600 7.8400 0.0000 
2022 9 30 2 7.8400 0.11289600 7.8400 0.0000 
2022 9 30 3 7.8400 0.11289600 7.8400 0.0000 
2022 9 30 4 7.8400 0.11289600 7.8400 0.0000 
2022 9 30 5 7.8400 0.11289600 7.8400 0.0000 
2022 9 30 6 7.8400 0.11289600 7.8400 0.0000 
2022 9 30 7 7.8400 0.11289600 7.8400 0.0000 
2022 9 30 8 7.8400 0.11289600 7.8400 0.0000 
2022 9 30 9 7.8400 0.11289600 7.8400 0.0000 
2022 9 30 10 7.8400 0.11289600 7.8400 0.0000 
2022 9 30 11 7.8400 0.11289600 7.8400 0.0000 
2022 9 30 12 7.8400 0.11289600 7.8400 0.0000 
2022 9 30 13 7.8400 0.11289600 7.8400 0.0000 
2022 9 30 14 7.8400 0.11289600 7.8400 0.0000 
2022 9 30 15 7.8400 0.11289600 7.8400 0.0000 
2022 9 30 16 7.8400 0.11289600 7.8400 0.0000 
2022 9 30 17 7.8400 0.11289600 7.8400 0.0000 
2022 9 30 18 7.8400 0.11289600 7.8400 0.0000 
2022 9 30 19 7.8400 0.11289600 7.8400 0.0000 
2022 9 30 20 7.8400 0.11289600 7.8400 0.0000 
2022 9 30 21 7.8400 0.11289600 7.8400 0.0000 
2022 9 30 22 7.8400 0.11289600 7.8400 0.0000 
2022 9 30 23 7.8400 0.11289600 7.8400 0.0000 
2022 10 1 0 7.8400 0.11289600 7.8400 0.0000 
2022 10 1 1 7.8400 0.11289600 7.8400 0.0000 
2022 10 1 2 7.8400 0.11289600 7.8400 0.0000 
2022 10 1 3 7.8400 0.11289600 7.8400 0.0000 
2022 10 1 4 7.8400 0.11289600 7.8400 0.0000 
2022 10 1 5 7.8400 0.11289600 7.8400 0.0000 
2022 10 1 6 7.8400 0.11289600 7.8400 0.0000 
2022 10 1 7 7.8400 0.11289600 7.8400 0.0000 
2022 10 1 8 7.8400 0.11289600 7.8400 0.0000 
2022 10 1 9 7.8400 0.11289600 7.8400 0.0000 
2022 10 1 10 7.8400 0.11289600 7.8400 0.0000 
2022 10 1 11 7.8400 0.11289600 7.8400 0.0000 
2022 10 1 12 7.8400 0.11289600 7.8400 0.0000 
2022 10 1 13 7.8400 0.11289600 7.8400 0.0000 
2022 10 1 14 7.8400 0.11289600 7.8400 0.0000 
2022 10 1 15 7.8400 0.11289600 7.8400 0.0000 
2022 10 1 16 7.8400 0.11289600 7.8400 0.0000 
2022 10 1 17 7.8400 0.11289600 7.8400 0.0000 
2022 10 1 18 7.8400 0.11289600 7.8400 0.0000 
2022 10 1 19 7.8400 0.11289600 7.8400 0.0000 
2022 10 1 20 7.8400 0.11289600 7.8400 0.0000 
2022 10 1 21 7.8400 0.11289600 7.8400 0.0000 
2022 10 1 22 7.8400 0.11289600 7.8400 0.0000 
2022 10 1 23 7.8400 0.11289600 7.8400 0.0000 
2022 10 2 0 7.8400 0.11289600 7.8400 0.0000 
2022 10 2 1 7.8400 0.11289600 7.8400 0.0000 
2022 10 2 2 7.8400 0.11289600 7.8400 0.0000 
2022 10 2 3 7.8400 0.11289600 7.8400 0.0000 
2022 10 2 4 7.8400 0.11289600 7.8400 0.0000 
2022 10 2 5 7.8400 0.11289600 7.8400 0.0000 
2022 10 2 6 7.8400 0.11289600 7.8400 0.0000 
2022 10 2 7 7.8400 0.11289600 7.8400 0.0000 
2022 10 2 8 7.8400 0.11289600 7.8400 0.0000 
2022 10 2 9 7.8400 0.11289600 7.8400 0.0000 
2022 10 2 10 7.8400 0.11289600 7.8400 0.0000 
2022 10 2 11 7.8400 0.11289600 7.8400 0.0000 
2022 10 2 12 7.8400 0.11289600 7.8400 0.0000 
2022 10 2 13 7.8400 0.11289600 7.8400 0.0000 
2022 10 2 14 7.8400 0.11289600 7.8400 0.0000 
2022 10 2 15 7.8400 0.11289600 7.8400 0.0000 
2022 10 2 16 7.8400 0.11289600 7.8400 0.0000 
2022 10 2 17 7.8400 0.11289600 7.8400 0.0000 
2022 10 2 18 7.8400 0.11289600 7.8400 0.0000 
2022 10 2 19 7.8400 0.11289600 7.8400 0.0000 
2022 10 2 20 7.8400 0.11289600 7.8400 0.0000 
2022 10 2 21 7.8400 0.11289600 7.8400 0.0000 
2022 10 2 22 7.8400 0.11289600 7.8400 0.0000 
2022 10 2 23 7.8400 0.11289600 7.8400 0.0000 
2022 10 3 0 7.8400 0.11289600 7.8400 0.0000 
2022 10 3 1 7.8400 0.11289600 7.8400 0.0000 
2022 10 3 2 7.8400 0.11289600 7.8400 0.0000 
2022 10 3 3 7.8400 0.11289600 7.8400 0.0000 
2022 10 3 4 7.8400 0.11289600 7.8400 0.0000 
2022 10 3 5 7.8400 0.11289600 7.8400 0.0000 
2022 10 3 6 7.8400 0.11289600 7.8400 0.0000 
2022 10 3 7 7.8400 0.11289600 7.8400 0.0000 
2022 10 3 8 7.8400 0.11289600 7.8400 0.0000 
2022 10 3 9 7.8400 0.11289600 7.8400 0.0000 
2022 10 3 10 7.8400 0.11289600 7.8400 0.0000 
2022 10 3 11 7.8400 0.11289600 7.8400 0.0000 
2022 10 3 12 7.8400 0.11289600 7.8400 0.0000 
2022 10 3 13 7.8400 0.11289600 7.8400 0.0000 
2022 10 3 14 7.8400 0.11289600 7.8400 0.0000 
2022 10 3 15 7.8400 0.11289600 7.8400 0.0000 
2022 10 3 16 7.8400 0.11289600 7.8400 0.0000 
2022 10 3 17 7.8400 0.11289600 7.8400 0.0000 
2022 10 3 18 7.8400 0.11289600 7.8400 0.0000 
2022 10 3 19 7.8400 0.11289600 7.8400 0.0000 
2022 10 3 20 7.8400 0.11289600 7.8400 0.0000 
2022 10 3 21 7.8400 0.11289600 7.8400 0.0000 
2022 10 3 22 7.8400 0.11289600 7.8400 0.0000 
2022 10 3 23 7.8400 0.11289600 7.8400 0.0000 
2022 10 4 0 7.8400 0.11289600 7.8400 0.0000 
2022 10 4 1 7.8400 0.11289600 7.8400 0.0000 
2022 10 4 2 7.8400 0.11289600 7.8400 0.0000 
2022 10 4 3 7.8400 0.11289600 7.8400 0.0000 
2022 10 4 4 7.8400 0.11289600 7.8400 0.0000 
2022 10 4 5 7.8400 0.11289600 7.8400 0.0000 
2022 10 4 6 7.8400 0.11289600 7.8400 0.0000 
2022 10 4 7 7.8400 0.11289600 7.8400 0.0000 
2022 10 4 8 7.8400 0.11289600 7.8400 0.0000 
2022 10 4 9 7.8400 0.11289600 7.8400 0.0000 
2022 10 4 10 7.8400 0.11289600 7.8400 0.0000 
2022 10 4 11 7.8400 0.11289600 7.8400 0.0000 
2022 10 4 12 7.8400 0.11289600 7.8400 0.0000 
2022 10 4 13 7.8400 0.11289600 7.8400 0.0000 
2022 10 4 14 7.8400 0.11289600 7.8400 0.0000 
2022 10 4 15 7.8400 0.11289600 7.8400 0.0000 
2022 10 4 16 7.8400 0.11289600 7.8400 0.0000 
2022 10 4 17 7.8400 0.11289600 7.8400 0.0000 
2022 10 4 18 7.8400 0.11289600 7.8400 0.0000 
2022 10 4 19 7.8400 0.11289600 7.8400 0.0000 
2022 10 4 20 7.8400 0.11289600 7.8400 0.0000 
2022 10 4 21 7.8400 0.11289600 7.8400 0.0000 
2022 10 4 22 7.8400 0.11289600 7.8400 0.0000 
2022 10 4 23 7.8400 0.11289600 7.8400 0.0000 
2022 10 5 0 7.8400 0.11289600 7.8400 0.0000 
2022 10 5 1 7.8400 0.11289600 7.8400 0.0000 
2022 10 5 2 7.8400 0.11289600 7.8400 0.0000 
2022 10 5 3 7.8400 0.11289600 7.8400 0.0000 
2022 10 5 4 7.8400 0.11289600 7.8400 0.0000 
2022 10 5 5 7.8400 0.11289600 7.8400 0.0000 
2022 10 5 6 7.8400 0.11289600 7.8400 0.0000 
2022 10 5 7 7.8400 0.11289600 7.8400 0.0000 
2022 10 5 8 7.8400 0.11289600 7.8400 0.0000 
2022 10 5 9 7.8400 0.11289600 7.8400 0.0000 
2022 10 5 10 7.8400 0.11289600 7.8400 0.0000 
2022 10 5 11 7.8400 0.11289600 7.8400 0.0000 
2022 10 5 12 7.8400 0.11289600 7.8400 0.0000 
2022 10 5 13 7.8400 0.11289600 7.8400 0.0000 
2022 10 5 14 7.8400 0.11289600 7.8400 0.0000 
2022 10 5 15 7.8400 0.11289600 7.8400 0.0000 
2022 10 5 16 7.8400 0.11289600 7.8400 0.0000 
2022 10 5 17 7.8400 0.11289600 7.8400 0.0000 
2022 10 5 18 7.8400 0.11289600 7.8400 0.0000 
2022 10 5 19 7.8400 0.11289600 7.8400 0.0000 
2022 10 5 20 7.8400 0.11289600 7.8400 0.0000 
2022 10 5 21 7.8400 0.11289600 7.8400 0.0000 
2022 10 5 22 7.8400 0.11289600 7.8400 0.0000 
2022 10 5 23 7.8400 0.11289600 7.8400 0.0000 
2022 10 6 0 7.8400 0.11289600 7.8400 0.0000 
2022 10 6 1 7.8400 0.11289600 7.8400 0.0000 
2022 10 6 2 7.8400 0.11289600 7.8400 0.0000 
2022 10 6 3 7.8400 0.11289600 7.8400 0.0000 
2022 10 6 4 7.8400 0.11289600 7.8400 0.0000 
2022 10 6 5 7.8400 0.11289600 7.8400 0.0000 
2022 10 6 6 7.8400 0.11289600 7.8400 0.0000 
2022 10 6 7 7.8400 0.11289600 7.8400 0.0000 
2022 10 6 8 7.8400 0.11289600 7.8400 0.0000 
2022 10 6 9 7.8400 0.11289600 7.8400 0.0000 
2022 10 6 10 7.8400 0.11289600 7.8400 0.0000 
2022 10 6 11 7.8400 0.11289600 7.8400 0.0000 
2022 10 6 12 7.8400 0.11289600 7.8400 0.0000 
2022 10 6 13 7.8400 0.11289600 7.8400 0.0000 
2022 10 6 14 7.8400 0.11289600 7.8400 0.0000 
2022 10 6 15 7.8400 0.11289600 7.8400 0.0000 
2022 10 6 16 7.8400 0.11289600 7.8400 0.0000 
2022 10 6 17 7.8400 0.11289600 7.8400 0.0000 
2022 10 6 18 7.8400 0.11289600 7.8400 0.0000 
2022 10 6 19 7.8400 0.11289600 7.8400 0.0000 
2022 10 6 20 7.8400 0.11289600 7.8400 0.0000 
2022 10 6 21 7.8400 0.11289600 7.8400 0.0000 
2022 10 6 22 7.8400 0.11289600 7.8400 0.0000 
2022 10 6 23 7.8400 0.11289600 7.8400 0.0000 
2022 10 7 0 7.8400 0.11289600 7.8400 0.0000 
2022 10 7 1 7.8400 0.11289600 7.8400 0.0000 
2022 10 7 2 7.8400 0.11289600 7.8400 0.0000 
2022 10 7 3 7.8400 0.11289600 7.8400 0.0000 
2022 10 7 4 7.8400 0.11289600 7.8400 0.0000 
2022 10 7 5 7.8400 0.11289600 7.8400 0.0000 
2022 10 7 6 7.8400 0.11289600 7.8400 0.0000 
2022 10 7 7 7.8400 0.11289600 7.8400 0.0000 
2022 10 7 8 7.8400 0.11289600 7.8400 0.0000 
2022 10 7 9 7.8400 0.11289600 7.8400 0.0000 
2022 10 7 10 7.8400 0.11289600 7.8400 0.0000 
2022 10 7 11 7.8400 0.11289600 7.8400 0.0000 
2022 10 7 12 7.8400 0.11289600 7.8400 0.0000 
2022 10 7 13 7.8400 0.11289600 7.8400 0.0000 
2022 10 7 14 7.8400 0.11289600 7.8400 0.0000 
2022 10 7 15 7.8400 0.11289600 7.8400 0.0000 
2022 10 7 16 7.8400 0.11289600 7.8400 0.0000 
2022 10 7 17 7.8400 0.11289600 7.8400 0.0000 
2022 10 7 18 7.8400 0.11289600 7.8400 0.0000 
2022 10 7 19 7.8400 0.11289600 7.8400 0.0000 
2022 10 7 20 7.8400 0.11289600 7.8400 0.0000 
2022 10 7 21 7.8400 0.11289600 7.8400 0.0000 
2022 10 7 22 7.8400 0.11289600 7.8400 0.0000 
2022 10 7 23 7.8400 0.11289600 7.8400 0.0000 
2022 10 8 0 7.8400 0.11289600 7.8400 0.0000 
2022 10 8 1 7.8400 0.11289600 7.8400 0.0000 
2022 10 8 2 7.8400 0.11289600 7.8400 0.0000 
2022 10 8 3 7.8400 0.11289600 7.8400 0.0000 
2022 10 8 4 7.8400 0.11289600 7.8400 0.0000 
2022 10 8 5 7.8400 0.11289600 7.8400 0.0000 
2022 10 8 6 7.8400 0.11289600 7.8400 0.0000 
2022 10 8 7 7.8400 0.11289600 7.8400 0.0000 
2022 10 8 8 7.8400 0.11289600 7.8400 0.0000 
2022 10 8 9 7.8400 0.11289600 7.8400 0.0000 
2022 10 8 10 7.8400 0.11289600 7.8400 0.0000 
2022 10 8 11 7.8400 0.11289600 7.8400 0.0000 
2022 10 8 12 7.8400 0.11289600 7.8400 0.0000 
2022 10 8 13 7.8400 0.11289600 7.8400 0.0000 
2022 10 8 14 7.8400 0.11289600 7.8400 0.0000 
2022 10 8 15 7.8400 0.11289600 7.8400 0.0000 
2022 10 8 16 7.8400 0.11289600 7.8400 0.0000 
2022 10 8 17 7.8400 0.11289600 7.8400 0.0000 
2022 10 8 18 7.8400 0.11289600 7.8400 0.0000 
2022 10 8 19 7.8400 0.11289600 7.8400 0.0000 
2022 10 8 20 7.8400 0.11289600 7.8400 0.0000 
2022 10 8 21 7.8400 0.11289600 7.8400 0.0000 
2022 10 8 22 7.8400 0.11289600 7.8400 0.0000 
2022 10 8 23 7.8400 0.11289600 7.8400 0.0000 
2022 10 9 0 7.8400 0.11289600 7.8400 0.0000 
2022 10 9 1 7.8400 0.11289600 7.8400 0.0000 
2022 10 9 2 7.8400 0.11289600 7.8400 0.0000 
2022 10 9 3 7.8400 0.11289600 7.8400 0.0000 
2022 10 9 4 7.8400 0.11289600 7.8400 0.0000 
2022 10 9 5 7.8400 0.11289600 7.8400 0.0000 
2022 10 9 6 7.8400 0.11289600 7.8400 0.0000 
2022 10 9 7 7.8400 0.11289600 7.8400 0.0000 
2022 10 9 8 7.8400 0.11289600 7.8400 0.0000 
2022 10 9 9 7.8400 0.11289600 7.8400 0.0000 
2022 10 9 10 7.8400 0.11289600 7.8400 0.0000 
2022 10 9 11 7.8400 0.11289600 7.8400 0.0000 
2022 10 9 12 7.8400 0.11289600 7.8400 0.0000 
2022 10 9 13 7.8400 0.11289600 7.8400 0.0000 
2022 10 9 14 7.8400 0.11289600 7.8400 0.0000 
2022 10 9 15 7.8400 0.11289600 7.8400 0.0000 
2022 10 9 16 7.8400 0.11289600 7.8400 0.0000 
2022 10 9 17 7.8400 0.11289600 7.8400 0.0000 
2022 10 9 18 7.8400 0.11289600 7.8400 0.0000 
2022 10 9 19 7.8400 0.11289600 7.8400 0.0000 
2022 10 9 20 7.8400 0.11289600 7.8400 0.0000 
2022 10 9 21 7.8400 0.11289600 7.8400 0.0000 
2022 10 9 22 7.8400 0.11289600 7.8400 0.0000 
2022 10 9 23 7.8400 0.11289600 7.8400 0.0000 
2022 10 10 0 7.8400 0.11289600 7.8400 0.0000 
2022 10 10 1 7.8400 0.11289600 7.8400 0.0000 
2022 10 10 2 7.8400 0.11289600 7.8400 0.0000 
2022 10 10 3 7.8400 0.11289600 7.8400 0.0000 
2022 10 10 4 7.8400 0.11289600 7.8400 0.0000 
2022 10 10 5 7.8400 0.11289600 7.8400 0.0000 
2022 10 10 6 7.8400 0.11289600 7.8400 0.0000 
2022 10 10 7 7.8400 0.11289600 7.8400 0.0000 
2022 10 10 8 7.8400 0.11289600 7.8400 0.0000 
2022 10 10 9 7.8400 0.11289600 7.8400 0.0000 
2022 10 10 10 7.8400 0.11289600 7.8400 0.0000 
2022 10 10 11 7.8400 0.11289600 7.8400 0.0000 
2022 10 10 12 7.8400 0.11289600 7.8400 0.0000 
2022 10 10 13 7.8400 0.11289600 7.8400 0.0000 
2022 10 10 14 7.8400 0.11289600 7.8400 0.0000 
2022 10 10 15 7.8400 0.11289600 7.8400 0.0000 
2022 10 10 16 7.8400 0.11289600 7.8400 0.0000 
2022 10 10 17 7.8400 0.11289600 7.8400 0.0000 
2022 10 10 18 7.8400 0.11289600 7.8400 0.0000 
2022 10 10 19 7.8400 0.11289600 7.8400 0.0000 
2022 10 10 20 7.8400 0.11289600 7.8400 0.0000 
2022 10 10 21 7.8400 0.11289600 7.8400 0.0000 
2022 10 10 22 7.8400 0.11289600 7.8400 0.0000 
2022 10 10 23 7.8400 0.11289600 7.8400 0.0000 
2022 10 11 0 7.8400 0.11289600 7.8400 0.0000 
2022 10 11 1 7.8400 0.11289600 7.8400 0.0000 
2022 10 11 2 7.8400 0.11289600 7.8400 0.0000 
2022 10 11 3 7.8400 0.11289600 7.8400 0.0000 
2022 10 11 4 7.8400 0.11289600 7.8400 0.0000 
2022 10 11 5 7.8400 0.11289600 7.8400 0.0000 
2022 10 11 6 7.8400 0.11289600 7.8400 0.0000 
2022 10 11 7 7.8400 0.11289600 7.8400 0.0000 
2022 10 11 8 7.8400 0.11289600 7.8400 0.0000 
2022 10 11 9 7.8400 0.11289600 7.8400 0.0000 
2022 10 11 10 7.8400 0.11289600 7.8400 0.0000 
2022 10 11 11 7.8400 0.11289600 7.8400 0.0000 
2022 10 11 12 7.8400 0.11289600 7.8400 0.0000 
2022 10 11 13 7.8400 0.11289600 7.8400 0.0000 
2022 10 11 14 7.8400 0.11289600 7.8400 0.0000 
2022 10 11 15 7.8400 0.11289600 7.8400 0.0000 
2022 10 11 16 7.8400 0.11289600 7.8400 0.0000 
2022 10 11 17 7.8400 0.11289600 7.8400 0.0000 
2022 10 11 18 7.8400 0.11289600 7.8400 0.0000 
2022 10 11 19 7.8400 0.11289600 7.8400 0.0000 
2022 10 11 20 7.8400 0.11289600 7.8400 0.0000 
2022 10 11 21 7.8400 0.11289600 7.8400 0.0000 
2022 10 11 22 7.8400 0.11289600 7.8400 0.0000 
2022 10 11 23 7.8400 0.11289600 7.8400 0.0000 
2022 10 12 0 7.8400 0.11289600 7.8400 0.0000 
2022 10 12 1 7.8400 0.11289600 7.8400 0.0000 
2022 10 12 2 7.8400 0.11289600 7.8400 0.0000 
2022 10 12 3 7.8400 0.11289600 7.8400 0.0000 
2022 10 12 4 7.8400 0.11289600 7.8400 0.0000 
2022 10 12 5 7.8400 0.11289600 7.8400 0.0000 
2022 10 12 6 7.8400 0.11289600 7.8400 0.0000 
2022 10 12 7 7.8400 0.11289600 7.8400 0.0000 
2022 10 12 8 7.8400 0.11289600 7.8400 0.0000 
2022 10 12 9 7.8400 0.11289600 7.8400 0.0000 
2022 10 12 10 7.8400 0.11289600 7.8400 0.0000 
2022 10 12 11 7.8400 0.11289600 7.8400 0.0000 
2022 10 12 12 7.8400 0.11289600 7.8400 0.0000 
2022 10 12 13 7.8400 0.11289600 7.8400 0.0000 
2022 10 12 14 7.8400 0.11289600 7.8400 0.0000 
2022 10 12 15 7.8400 0.11289600 7.8400 0.0000 
2022 10 12 16 7.8400 0.11289600 7.8400 0.0000 
2022 10 12 17 7.8400 0.11289600 7.8400 0.0000 
2022 10 12 18 7.8400 0.11289600 7.8400 0.0000 
2022 10 12 19 7.8400 0.11289600 7.8400 0.0000 
2022 10 12 20 7.8400 0.11289600 7.8400 0.0000 
2022 10 12 21 7.8400 0.11289600 7.8400 0.0000 
2022 10 12 22 7.8400 0.11289600 7.8400 0.0000 
2022 10 12 23 7.8400 0.11289600 7.8400 0.0000 
2022 10 13 0 7.8400 0.11289600 7.8400 0.0000 
2022 10 13 1 7.8400 0.11289600 7.8400 0.0000 
2022 10 13 2 7.8400 0.11289600 7.8400 0.0000 
2022 10 13 3 7.8400 0.11289600 7.8400 0.0000 
2022 10 13 4 7.8400 0.11289600 7.8400 0.0000 
2022 10 13 5 7.8400 0.11289600 7.8400 0.0000 
2022 10 13 6 7.8400 0.11289600 7.8400 0.0000 
2022 10 13 7 7.8400 0.11289600 7.8400 0.0000 
2022 10 13 8 7.8400 0.11289600 7.8400 0.0000 
2022 10 13 9 7.8400 0.11289600 7.8400 0.0000 
2022 10 13 10 7.8400 0.11289600 7.8400 0.0000 
2022 10 13 11 7.8400 0.11289600 7.8400 0.0000 
2022 10 13 12 7.8400 0.11289600 7.8400 0.0000 
2022 10 13 13 7.8400 0.11289600 7.8400 0.0000 
2022 10 13 14 7.8400 0.11289600 7.8400 0.0000 
2022 10 13 15 7.8400 0.11289600 7.8400 0.0000 
2022 10 13 16 7.8400 0.11289600 7.8400 0.0000 
2022 10 13 17 7.8400 0.11289600 7.8400 0.0000 
2022 10 13 18 7.8400 0.11289600 7.8400 0.0000 
2022 10 13 19 7.8400 0.11289600 7.8400 0.0000 
2022 10 13 20 7.8400 0.11289600 7.8400 0.0000 
2022 10 13 21 7.8400 0.11289600 7.8400 0.0000 
2022 10 13 22 7.8400 0.11289600 7.8400 0.0000 
2022 10 13 23 7.8400 0.11289600 7.8400 0.0000 
2022 10 14 0 7.8400 0.11289600 7.8400 0.0000 
2022 10 14 1 7.8400 0.11289600 7.8400 0.0000 
2022 10 14 2 7.8400 0.11289600 7.8400 0.0000 
2022 10 14 3 7.8400 0.11289600 7.8400 0.0000 
2022 10 14 4 7.8400 0.11289600 7.8400 0.0000 
2022 10 14 5 7.8400 0.11289600 7.8400 0.0000 
2022 10 14 6 7.8400 0.11289600 7.8400 0.0000 
2022 10 14 7 7.8400 0.11289600 7.8400 0.0000 
2022 10 14 8 7.8400 0.11289600 7.8400 0.0000 
2022 10 14 9 7.8400 0.11289600 7.8400 0.0000 
2022 10 14 10 7.8400 0.11289600 7.8400 0.0000 
2022 10 14 11 7.8400 0.11289600 7.8400 0.0000 
2022 10 14 12 7.8400 0.11289600 7.8400 0.0000 
2022 10 14 13 7.8400 0.11289600 7.8400 0.0000 
2022 10 14 14 7.8400 0.11289600 7.8400 0.0000 
2022 10 14 15 7.8400 0.11289600 7.8400 0.0000 
2022 10 14 16 7.8400 0.11289600 7.8400 0.0000 
2022 10 14 17 7.8400 0.11289600 7.8400 0.0000 
2022 10 14 18 7.8400 0.11289600 7.8400 0.0000 
2022 10 14 19 7.8400 0.11289600 7.8400 0.0000 
2022 10 14 20 7.8400 0.11289600 7.8400 0.0000 
2022 10 14 21 7.8400 0.11289600 7.8400 0.0000 
2022 10 14 22 7.8400 0.11289600 7.8400 0.0000 
2022 10 14 23 7.8400 0.11289600 7.8400 0.0000 
2022 10 15 0 7.8400 0.11289600 7.8400 0.0000 
2022 10 15 1 7.8400 0.11289600 7.8400 0.0000 
2022 10 15 2 7.8400 0.11289600 7.8400 0.0000 
2022 10 15 3 7.8400 0.11289600 7.8400 0.0000 
2022 10 15 4 7.8400 0.11289600 7.8400 0.0000 
2022 10 15 5 7.8400 0.11289600 7.8400 0.0000 
2022 10 15 6 7.8400 0.11289600 7.8400 0.0000 
2022 10 15 7 7.8400 0.11289600 7.8400 0.0000 
2022 10 15 8 7.8400 0.11289600 7.8400 0.0000 
2022 10 15 9 7.8400 0.11289600 7.8400 0.0000 
2022 10 15 10 7.8400 0.11289600 7.8400 0.0000 
2022 10 15 11 7.8400 0.11289600 7.8400 0.0000 
2022 10 15 12 7.8400 0.11289600 7.8400 0.0000 
2022 10 15 13 7.8400 0.11289600 7.8400 0.0000 
2022 10 15 14 7.8400 0.11289600 7.8400 0.0000 
2022 10 15 15 7.8400 0.11289600 7.8400 0.0000 
2022 10 15 16 7.8400 0.11289600 7.8400 0.0000 
2022 10 15 17 7.8400 0.11289600 7.8400 0.0000 
2022 10 15 18 7.8400 0.11289600 7.8400 0.0000 
2022 10 15 19 7.8400 0.11289600 7.8400 0.0000 
2022 10 15 20 7.8400 0.11289600 7.8400 0.0000 
2022 10 15 21 7.8400 0.11289600 7.8400 0.0000 
2022 10 15 22 7.8400 0.11289600 7.8400 0.0000 
2022 10 15 23 7.8400 0.11289600 7.8400 0.0000 
2022 10 16 0 7.8400 0.11289600 7.8400 0.0000 
2022 10 16 1 7.8400 0.11289600 7.8400 0.0000 
2022 10 16 2 7.8400 0.11289600 7.8400 0.0000 
2022 10 16 3 7.8400 0.11289600 7.8400 0.0000 
2022 10 16 4 7.8400 0.11289600 7.8400 0.0000 
2022 10 16 5 7.8400 0.11289600 7.8400 0.0000 
2022 10 16 6 7.8400 0.11289600 7.8400 0.0000 
2022 10 16 7 7.8400 0.11289600 7.8400 0.0000 
2022 10 16 8 7.8400 0.11289600 7.8400 0.0000 
2022 10 16 9 7.8400 0.11289600 7.8400 0.0000 
2022 10 16 10 7.8400 0.11289600 7.8400 0.0000 
2022 10 16 11 7.8400 0.11289600 7.8400 0.0000 
2022 10 16 12 7.8400 0.11289600 7.8400 0.0000 
2022 10 16 13 7.8400 0.11289600 7.8400 0.0000 
2022 10 16 14 7.8400 0.11289600 7.8400 0.0000 
2022 10 16 15 7.8400 0.11289600 7.8400 0.0000 
2022 10 16 16 7.8400 0.11289600 7.8400 0.0000 
2022 10 16 17 7.8400 0.11289600 7.8400 0.0000 
2022 10 16 18 7.8400 0.11289600 7.8400 0.0000 
2022 10 16 19 7.8400 0.11289600 7.8400 0.0000 
2022 10 16 20 7.8400 0.11289600 7.8400 0.0000 
2022 10 16 21 7.8400 0.11289600 7.8400 0.0000 
2022 10 16 22 7.8400 0.11289600 7.8400 0.0000 
2022 10 16 23 7.8400 0.11289600 7.8400 0.0000 
2022 10 17 0 7.8400 0.11289600 7.8400 0.0000 
2022 10 17 1 7.8400 0.11289600 7.8400 0.0000 
2022 10 17 2 7.8400 0.11289600 7.8400 0.0000 
2022 10 17 3 7.8400 0.11289600 7.8400 0.0000 
2022 10 17 4 7.8400 0.11289600 7.8400 0.0000 
2022 10 17 5 7.8400 0.11289600 7.8400 0.0000 
2022 10 17 6 7.8400 0.11289600 7.8400 0.0000 
2022 10 17 7 7.8400 0.11289600 7.8400 0.0000 
2022 10 17 8 7.8400 0.11289600 7.8400 0.0000 
2022 10 17 9 7.8400 0.11289600 7.8400 0.0000 
2022 10 17 10 7.8400 0.11289600 7.8400 0.0000 
2022 10 17 11 7.8400 0.11289600 7.8400 0.0000 
2022 10 17 12 7.8400 0.11289600 7.8400 0.0000 
2022 10 17 13 7.8400 0.11289600 7.8400 0.0000 
2022 10 17 14 7.8400 0.11289600 7.8400 0.0000 
2022 10 17 15 7.8400 0.11289600 7.8400 0.0000 
2022 10 17 16 7.8400 0.11289600 7.8400 0.0000 
2022 10 17 17 7.8400 0.11289600 7.8400 0.0000 
2022 10 17 18 7.8400 0.11289600 7.8400 0.0000 
2022 10 17 19 7.8400 0.11289600 7.8400 0.0000 
2022 10 17 20 7.8400 0.11289600 7.8400 0.0000 
2022 10 17 21 7.8400 0.11289600 7.8400 0.0000 
2022 10 17 22 7.8400 0.11289600 7.8400 0.0000 
2022 10 17 23 7.8400 0.11289600 7.8400 0.0000 
2022 10 18 0 7.8400 0.11289600 7.8400 0.0000 
2022 10 18 1 7.8400 0.11289600 7.8400 0.0000 
2022 10 18 2 7.8400 0.11289600 7.8400 0.0000 
2022 10 18 3 7.8400 0.11289600 7.8400 0.0000 
2022 10 18 4 7.8400 0.11289600 7.8400 0.0000 
2022 10 18 5 7.8400 0.11289600 7.8400 0.0000 
2022 10 18 6 7.8400 0.11289600 7.8400 0.0000 
2022 10 18 7 7.8400 0.11289600 7.8400 0.0000 
2022 10 18 8 7.8400 0.11289600 7.8400 0.0000 
2022 10 18 9 7.8400 0.11289600 7.8400 0.0000 
2022 10 18 10 7.8400 0.11289600 7.8400 0.0000 
2022 10 18 11 7.8400 0.11289600 7.8400 0.0000 
2022 10 18 12 7.8400 0.11289600 7.8400 0.0000 
2022 10 18 13 7.8400 0.11289600 7.8400 0.0000 
2022 10 18 14 7.8400 0.11289600 7.8400 0.0000 
2022 10 18 15 7.8400 0.11289600 7.8400 0.0000 
2022 10 18 16 7.8400 0.11289600 7.8400 0.0000 
2022 10 18 17 7.8400 0.11289600 7.8400 0.0000 
2022 10 18 18 7.8400 0.11289600 7.8400 0.0000 
2022 10 18 19 7.8400 0.11289600 7.8400 0.0000 
2022 10 18 20 7.8400 0.11289600 7.8400 0.0000 
2022 10 18 21 7.8400 0.11289600 7.8400 0.0000 
2022 10 18 22 7.8400 0.11289600 7.8400 0.0000 
2022 10 18 23 7.8400 0.11289600 7.8400 0.0000 
2022 10 19 0 7.8400 0.11289600 7.8400 0.0000 
2022 10 19 1 7.8400 0.11289600 7.8400 0.0000 
2022 10 19 2 7.8400 0.11289600 7.8400 0.0000 
2022 10 19 3 7.8400 0.11289600 7.8400 0.0000 
2022 10 19 4 7.8400 0.11289600 7.8400 0.0000 
2022 10 19 5 7.8400 0.11289600 7.8400 0.0000 
2022 10 19 6 7.8400 0.11289600 7.8400 0.0000 
2022 10 19 7 7.8400 0.11289600 7.8400 0.0000 
2022 10 19 8 7.8400 0.11289600 7.8400 0.0000 
2022 10 19 9 7.8400 0.11289600 7.8400 0.0000 
2022 10 19 10 7.8400 0.11289600 7.8400 0.0000 
2022 10 19 11 7.8400 0.11289600 7.8400 0.0000 
2022 10 19 12 7.8400 0.11289600 7.8400 0.0000 
2022 10 19 13 7.8400 0.11289600 7.8400 0.0000 
2022 10 19 14 7.8400 0.11289600 7.8400 0.0000 
2022 10 19 15 7.8400 0.11289600 7.8400 0.0000 
2022 10 19 16 7.8400 0.11289600 7.8400 0.0000 
2022 10 19 17 7.8400 0.11289600 7.8400 0.0000 
2022 10 19 18 7.8400 0.11289600 7.8400 0.0000 
2022 10 19 19 7.8400 0.11289600 7.8400 0.0000 
2022 10 19 20 7.8400 0.11289600 7.8400 0.0000 
2022 10 19 21 7.8400 0.11289600 7.8400 0.0000 
2022 10 19 22 7.8400 0.11289600 7.8400 0.0000 
2022 10 19 23 7.8400 0.11289600 7.8400 0.0000 
2022 10 20 0 7.8400 0.11289600 7.8400 0.0000 
2022 10 20 1 7.8400 0.11289600 7.8400 0.0000 
2022 10 20 2 7.8400 0.11289600 7.8400 0.0000 
2022 10 20 3 7.8400 0.11289600 7.8400 0.0000 
2022 10 20 4 7.8400 0.11289600 7.8400 0.0000 
2022 10 20 5 7.8400 0.11289600 7.8400 0.0000 
2022 10 20 6 7.8400 0.11289600 7.8400 0.0000 
2022 10 20 7 7.8400 0.11289600 7.8400 0.0000 
2022 10 20 8 7.8400 0.11289600 7.8400 0.0000 
2022 10 20 9 7.8400 0.11289600 7.8400 0.0000 
2022 10 20 10 7.8400 0.11289600 7.8400 0.0000 
2022 10 20 11 7.8400 0.11289600 7.8400 0.0000 
2022 10 20 12 7.8400 0.11289600 7.8400 0.0000 
2022 10 20 13 7.8400 0.11289600 7.8400 0.0000 
2022 10 20 14 7.8400 0.11289600 7.8400 0.0000 
2022 10 20 15 7.8400 0.11289600 7.8400 0.0000 
2022 10 20 16 7.8400 0.11289600 7.8400 0.0000 
2022 10 20 17 7.8400 0.11289600 7.8400 0.0000 
2022 10 20 18 7.8400 0.11289600 7.8400 0.0000 
2022 10 20 19 7.8400 0.11289600 7.8400 0.0000 
2022 10 20 20 7.8400 0.11289600 7.8400 0.0000 
2022 10 20 21 7.8400 0.11289600 7.8400 0.0000 
2022 10 20 22 7.8400 0.11289600 7.8400 0.0000 
2022 10 20 23 7.8400 0.11289600 7.8400 0.0000 
2022 10 21 0 7.8400 0.11289600 7.8400 0.0000 
2022 10 21 1 7.8400 0.11289600 7.8400 0.0000 
2022 10 21 2 7.8400 0.11289600 7.8400 0.0000 
2022 10 21 3 7.8400 0.11289600 7.8400 0.0000 
2022 10 21 4 7.8400 0.11289600 7.8400 0.0000 
2022 10 21 5 7.8400 0.11289600 7.8400 0.0000 
2022 10 21 6 7.8400 0.11289600 7.8400 0.0000 
2022 10 21 7 7.8400 0.11289600 7.8400 0.0000 
2022 10 21 8 7.8400 0.11289600 7.8400 0.0000 
2022 10 21 9 7.8400 0.11289600 7.8400 0.0000 
2022 10 21 10 7.8400 0.11289600 7.8400 0.0000 
2022 10 21 11 7.8400 0.11289600 7.8400 0.0000 
2022 10 21 12 7.8400 0.11289600 7.8400 0.0000 
2022 10 21 13 7.8400 0.11289600 7.8400 0.0000 
2022 10 21 14 7.8400 0.11289600 7.8400 0.0000 
2022 10 21 15 7.8400 0.11289600 7.8400 0.0000 
2022 10 21 16 7.8400 0.11289600 7.8400 0.0000 
2022 10 21 17 7.8400 0.11289600 7.8400 0.0000 
2022 10 21 18 7.8400 0.11289600 7.8400 0.0000 
2022 10 21 19 7.8400 0.11289600 7.8400 0.0000 
2022 10 21 20 7.8400 0.11289600 7.8400 0.0000 
2022 10 21 21 7.8400 0.11289600 7.8400 0.0000 
2022 10 21 22 7.8400 0.11289600 7.8400 0.0000 
2022 10 21 23 7.8400 0.11289600 7.8400 0.0000 
2022 10 22 0 7.8400 0.11289600 7.8400 0.0000 
2022 10 22 1 7.8400 0.11289600 7.8400 0.0000 
2022 10 22 2 7.8400 0.11289600 7.8400 0.0000 
2022 10 22 3 7.8400 0.11289600 7.8400 0.0000 
2022 10 22 4 7.8400 0.11289600 7.8400 0.0000 
2022 10 22 5 7.8400 0.11289600 7.8400 0.0000 
2022 10 22 6 7.8400 0.11289600 7.8400 0.0000 
2022 10 22 7 7.8400 0.11289600 7.8400 0.0000 
2022 10 22 8 7.8400 0.11289600 7.8400 0.0000 
2022 10 22 9 7.8400 0.11289600 7.8400 0.0000 
2022 10 22 10 7.8400 0.11289600 7.8400 0.0000 
2022 10 22 11 7.8400 0.11289600 7.8400 0.0000 
2022 10 22 12 7.8400 0.11289600 7.8400 0.0000 
2022 10 22 13 7.8400 0.11289600 7.8400 0.0000 
2022 10 22 14 7.8400 0.11289600 7.8400 0.0000 
2022 10 22 15 7.8400 0.11289600 7.8400 0.0000 
2022 10 22 16 7.8400 0.11289600 7.8400 0.0000 
2022 10 22 17 7.8400 0.11289600 7.8400 0.0000 
2022 10 22 18 7.8400 0.11289600 7.8400 0.0000 
2022 10 22 19 7.8400 0.11289600 7.8400 0.0000 
2022 10 22 20 7.8400 0.11289600 7.8400 0.0000 
2022 10 22 21 7.8400 0.11289600 7.8400 0.0000 
2022 10 22 22 7.8400 0.11289600 7.8400 0.0000 
2022 10 22 23 7.8400 0.11289600 7.8400 0.0000 
2022 10 23 0 7.8400 0.11289600 7.8400 0.0000 
2022 10 23 1 7.8400 0.11289600 7.8400 0.0000 
2022 10 23 2 7.8400 0.11289600 7.8400 0.0000 
2022 10 23 3 7.8400 0.11289600 7.8400 0.0000 
2022 10 23 4 7.8400 0.11289600 7.8400 0.0000 
2022 10 23 5 7.8400 0.11289600 7.8400 0.0000 
2022 10 23 6 7.8400 0.11289600 7.8400 0.0000 
2022 10 23 7 7.8400 0.11289600 7.8400 0.0000 
2022 10 23 8 7.8400 0.11289600 7.8400 0.0000 
2022 10 23 9 7.8400 0.11289600 7.8400 0.0000 
2022 10 23 10 7.8400 0.11289600 7.8400 0.0000 
2022 10 23 11 7.8400 0.11289600 7.8400 0.0000 
2022 10 23 12 7.8400 0.11289600 7.8400 0.0000 
2022 10 23 13 7.8400 0.11289600 7.8400 0.0000 
2022 10 23 14 7.8400 0.11289600 7.8400 0.0000 
2022 10 23 15 7.8400 0.11289600 7.8400 0.0000 
2022 10 23 16 7.8400 0.11289600 7.8400 0.0000 
2022 10 23 17 7.8400 0.11289600 7.8400 0.0000 
2022 10 23 18 7.8400 0.11289600 7.8400 0.0000 
2022 10 23 19 7.8400 0.11289600 7.8400 0.0000 
2022 10 23 20 7.8400 0.11289600 7.8400 0.0000 
2022 10 23 21 7.8400 0.11289600 7.8400 0.0000 
2022 10 23 22 7.8400 0.11289600 7.8400 0.0000 
2022 10 23 23 7.8400 0.11289600 7.8400 0.0000 
2022 10 24 0 7.8400 0.11289600 7.8400 0.0000 
2022 10 24 1 7.8400 0.11289600 7.8400 0.0000 
2022 10 24 2 7.8400 0.11289600 7.8400 0.0000 
2022 10 24 3 7.8400 0.11289600 7.8400 0.0000 
2022 10 24 4 7.8400 0.11289600 7.8400 0.0000 
2022 10 24 5 7.8400 0.11289600 7.8400 0.0000 
2022 10 24 6 7.8400 0.11289600 7.8400 0.0000 
2022 10 24 7 7.8400 0.11289600 7.8400 0.0000 
2022 10 24 8 7.8400 0.11289600 7.8400 0.0000 
2022 10 24 9 7.8400 0.11289600 7.8400 0.0000 
2022 10 24 10 7.8400 0.11289600 7.8400 0.0000 
2022 10 24 11 7.8400 0.11289600 7.8400 0.0000 
2022 10 24 12 7.8400 0.11289600 7.8400 0.0000 
2022 10 24 13 7.8400 0.11289600 7.8400 0.0000 
2022 10 24 14 7.8400 0.11289600 7.8400 0.0000 
2022 10 24 15 7.8400 0.11289600 7.8400 0.0000 
2022 10 24 16 7.8400 0.11289600 7.8400 0.0000 
2022 10 24 17 7.8400 0.11289600 7.8400 0.0000 
2022 10 24 18 7.8400 0.11289600 7.8400 0.0000 
2022 10 24 19 7.8400 0.11289600 7.8400 0.0000 
2022 10 24 20 7.8400 0.11289600 7.8400 0.0000 
2022 10 24 21 7.8400 0.11289600 7.8400 0.0000 
2022 10 24 22 7.8400 0.11289600 7.8400 0.0000 
2022 10 24 23 7.8400 0.11289600 7.8400 0.0000 
2022 10 25 0 7.8400 0.11289600 7.8400 0.0000 
2022 10 25 1 7.8400 0.11289600 7.8400 0.0000 
2022 10 25 2 7.8400 0.11289600 7.8400 0.0000 
2022 10 25 3 7.8400 0.11289600 7.8400 0.0000 
2022 10 25 4 7.8400 0.11289600 7.8400 0.0000 
2022 10 25 5 7.8400 0.11289600 7.8400 0.0000 
2022 10 25 6 7.8400 0.11289600 7.8400 0.0000 
2022 10 25 7 7.8400 0.11289600 7.8400 0.0000 
2022 10 25 8 7.8400 0.11289600 7.8400 0.0000 
2022 10 25 9 7.8400 0.11289600 7.8400 0.0000 
2022 10 25 10 7.8400 0.11289600 7.8400 0.0000 
2022 10 25 11 7.8400 0.11289600 7.8400 0.0000 
2022 10 25 12 7.8400 0.11289600 7.8400 0.0000 
2022 10 25 13 7.8400 0.11289600 7.8400 0.0000 
2022 10 25 14 7.8400 0.11289600 7.8400 0.0000 
2022 10 25 15 7.8400 0.11289600 7.8400 0.0000 
2022 10 25 16 7.8400 0.11289600 7.8400 0.0000 
2022 10 25 17 7.8400 0.11289600 7.8400 0.0000 
2022 10 25 18 7.8400 0.11289600 7.8400 0.0000 
2022 10 25 19 7.8400 0.11289600 7.8400 0.0000 
2022 10 25 20 7.8400 0.11289600 7.8400 0.0000 
2022 10 25 21 7.8400 0.11289600 7.8400 0.0000 
2022 10 25 22 7.8400 0.11289600 7.8400 0.0000 
2022 10 25 23 7.8400 0.11289600 7.8400 0.0000 
2022 10 26 0 7.8400 0.11289600 7.8400 0.0000 
2022 10 26 1 7.8400 0.11289600 7.8400 0.0000 
2022 10 26 2 7.8400 0.11289600 7.8400 0.0000 
2022 10 26 3 7.8400 0.11289600 7.8400 0.0000 
2022 10 26 4 7.8400 0.11289600 7.8400 0.0000 
2022 10 26 5 7.8400 0.11289600 7.8400 0.0000 
2022 10 26 6 7.8400 0.11289600 7.8400 0.0000 
2022 10 26 7 7.8400 0.11289600 7.8400 0.0000 
2022 10 26 8 7.8400 0.11289600 7.8400 0.0000 
2022 10 26 9 7.8400 0.11289600 7.8400 0.0000 
2022 10 26 10 7.8400 0.11289600 7.8400 0.0000 
2022 10 26 11 7.8400 0.11289600 7.8400 0.0000 
2022 10 26 12 7.8400 0.11289600 7.8400 0.0000 
2022 10 26 13 7.8400 0.11289600 7.8400 0.0000 
2022 10 26 14 7.8400 0.11289600 7.8400 0.0000 
2022 10 26 15 7.8400 0.11289600 7.8400 0.0000 
2022 10 26 16 7.8400 0.11289600 7.8400 0.0000 
2022 10 26 17 7.8400 0.11289600 7.8400 0.0000 
2022 10 26 18 7.8400 0.11289600 7.8400 0.0000 
2022 10 26 19 7.8400 0.11289600 7.8400 0.0000 
2022 10 26 20 7.8400 0.11289600 7.8400 0.0000 
2022 10 26 21 7.8400 0.11289600 7.8400 0.0000 
2022 10 26 22 7.8400 0.11289600 7.8400 0.0000 
2022 10 26 23 7.8400 0.11289600 7.8400 0.0000 
2022 10 27 0 7.8400 0.11289600 7.8400 0.0000 
2022 10 27 1 7.8400 0.11289600 7.8400 0.0000 
2022 10 27 2 7.8400 0.11289600 7.8400 0.0000 
2022 10 27 3 7.8400 0.11289600 7.8400 0.0000 
2022 10 27 4 7.8400 0.11289600 7.8400 0.0000 
2022 10 27 5 7.8400 0.11289600 7.8400 0.0000 
2022 10 27 6 7.8400 0.11289600 7.8400 0.0000 
2022 10 27 7 7.8400 0.11289600 7.8400 0.0000 
2022 10 27 8 7.8400 0.11289600 7.8400 0.0000 
2022 10 27 9 7.8400 0.11289600 7.8400 0.0000 
2022 10 27 10 7.8400 0.11289600 7.8400 0.0000 
2022 10 27 11 7.8400 0.11289600 7.8400 0.0000 
2022 10 27 12 7.8400 0.11289600 7.8400 0.0000 
2022 10 27 13 7.8400 0.11289600 7.8400 0.0000 
2022 10 27 14 7.8400 0.11289600 7.8400 0.0000 
2022 10 27 15 7.8400 0.11289600 7.8400 0.0000 
2022 10 27 16 7.8400 0.11289600 7.8400 0.0000 
2022 10 27 17 7.8400 0.11289600 7.8400 0.0000 
2022 10 27 18 7.8400 0.11289600 7.8400 0.0000 
2022 10 27 19 7.8400 0.11289600 7.8400 0.0000 
2022 10 27 20 7.8400 0.11289600 7.8400 0.0000 
2022 10 27 21 7.8400 0.11289600 7.8400 0.0000 
2022 10 27 22 7.8400 0.11289600 7.8400 0.0000 
2022 10 27 23 7.8400 0.11289600 7.8400 0.0000 
2022 10 28 0 7.8400 0.11289600 7.8400 0.0000 
2022 10 28 1 7.8400 0.11289600 7.8400 0.0000 
2022 10 28 2 7.8400 0.11289600 7.8400 0.0000 
2022 10 28 3 7.8400 0.11289600 7.8400 0.0000 
2022 10 28 4 7.8400 0.11289600 7.8400 0.0000 
2022 10 28 5 7.8400 0.11289600 7.8400 0.0000 
2022 10 28 6 7.8400 0.11289600 7.8400 0.0000 
2022 10 28 7 7.8400 0.11289600 7.8400 0.0000 
2022 10 28 8 7.8400 0.11289600 7.8400 0.0000 
2022 10 28 9 7.8400 0.11289600 7.8400 0.0000 
2022 10 28 10 7.8400 0.11289600 7.8400 0.0000 
2022 10 28 11 7.8400 0.11289600 7.8400 0.0000 
2022 10 28 12 7.8400 0.11289600 7.8400 0.0000 
2022 10 28 13 7.8400 0.11289600 7.8400 0.0000 
2022 10 28 14 7.8400 0.11289600 7.8400 0.0000 
2022 10 28 15 7.8400 0.11289600 7.8400 0.0000 
2022 10 28 16 7.8400 0.11289600 7.8400 0.0000 
2022 10 28 17 7.8400 0.11289600 7.8400 0.0000 
2022 10 28 18 7.8400 0.11289600 7.8400 0.0000 
2022 10 28 19 7.8400 0.11289600 7.8400 0.0000 
2022 10 28 20 7.8400 0.11289600 7.8400 0.0000 
2022 10 28 21 7.8400 0.11289600 7.8400 0.0000 
2022 10 28 22 7.8400 0.11289600 7.8400 0.0000 
2022 10 28 23 7.8400 0.11289600 7.8400 0.0000 
2022 10 29 0 7.8400 0.11289600 7.8400 0.0000 
2022 10 29 1 7.8400 0.11289600 7.8400 0.0000 
2022 10 29 2 7.8400 0.11289600 7.8400 0.0000 
2022 10 29 3 7.8400 0.11289600 7.8400 0.0000 
2022 10 29 4 7.8400 0.11289600 7.8400 0.0000 
2022 10 29 5 7.8400 0.11289600 7.8400 0.0000 
2022 10 29 6 7.8400 0.11289600 7.8400 0.0000 
2022 10 29 7 7.8400 0.11289600 7.8400 0.0000 
2022 10 29 8 7.8400 0.11289600 7.8400 0.0000 
2022 10 29 9 7.8400 0.11289600 7.8400 0.0000 
2022 10 29 10 7.8400 0.11289600 7.8400 0.0000 
2022 10 29 11 7.8400 0.11289600 7.8400 0.0000 
2022 10 29 12 7.8400 0.11289600 7.8400 0.0000 
2022 10 29 13 7.8400 0.11289600 7.8400 0.0000 
2022 10 29 14 7.8400 0.11289600 7.8400 0.0000 
2022 10 29 15 7.8400 0.11289600 7.8400 0.0000 
2022 10 29 16 7.8400 0.11289600 7.8400 0.0000 
2022 10 29 17 7.8400 0.11289600 7.8400 0.0000 
2022 10 29 18 7.8400 0.11289600 7.8400 0.0000 
2022 10 29 19 7.8400 0.11289600 7.8400 0.0000 
2022 10 29 20 7.8400 0.11289600 7.8400 0.0000 
2022 10 29 21 7.8400 0.11289600 7.8400 0.0000 
2022 10 29 22 7.8400 0.11289600 7.8400 0.0000 
2022 10 29 23 7.8400 0.11289600 7.8400 0.0000 
2022 10 30 0 7.8400 0.11289600 7.8400 0.0000 
2022 10 30 1 7.8400 0.11289600 7.8400 0.0000 
2022 10 30 2 7.8400 0.11289600 7.8400 0.0000 
2022 10 30 3 7.8400 0.11289600 7.8400 0.0000 
2022 10 30 4 7.8400 0.11289600 7.8400 0.0000 
2022 10 30 5 7.8400 0.11289600 7.8400 0.0000 
2022 10 30 6 7.8400 0.11289600 7.8400 0.0000 
2022 10 30 7 7.8400 0.11289600 7.8400 0.0000 
2022 10 30 8 7.8400 0.11289600 7.8400 0.0000 
2022 10 30 9 7.8400 0.11289600 7.8400 0.0000 
2022 10 30 10 7.8400 0.11289600 7.8400 0.0000 
2022 10 30 11 7.8400 0.11289600 7.8400 0.0000 
2022 10 30 12 7.8400 0.11289600 7.8400 0.0000 
2022 10 30 13 7.8400 0.11289600 7.8400 0.0000 
2022 10 30 14 7.8400 0.11289600 7.8400 0.0000 
2022 10 30 15 7.8400 0.11289600 7.8400 0.0000 
2022 10 30 16 7.8400 0.11289600 7.8400 0.0000 
2022 10 30 17 7.8400 0.11289600 7.8400 0.0000 
2022 10 30 18 7.8400 0.11289600 7.8400 0.0000 
2022 10 30 19 7.8400 0.11289600 7.8400 0.0000 
2022 10 30 20 7.8400 0.11289600 7.8400 0.0000 
2022 10 30 21 7.8400 0.11289600 7.8400 0.0000 
2022 10 30 22 7.8400 0.11289600 7.8400 0.0000 
2022 10 30 23 7.8400 0.11289600 7.8400 0.0000 
2022 10 31 0 7.8400 0.11289600 7.8400 0.0000 
2022 10 31 1 7.8400 0.11289600 7.8400 0.0000 
2022 10 31 2 7.8400 0.11289600 7.8400 0.0000 
2022 10 31 3 7.8400 0.11289600 7.8400 0.0000 
2022 10 31 4 7.8400 0.11289600 7.8400 0.0000 
2022 10 31 5 7.8400 0.11289600 7.8400 0.0000 
2022 10 31 6 7.8400 0.11289600 7.8400 0.0000 
2022 10 31 7 7.8400 0.11289600 7.8400 0.0000 
2022 10 31 8 7.8400 0.11289600 7.8400 0.0000 
2022 10 31 9 7.8400 0.11289600 7.8400 0.0000 
2022 10 31 10 7.8400 0.11289600 7.8400 0.0000 
2022 10 31 11 7.8400 0.11289600 7.8400 0.0000 
2022 10 31 12 7.8400 0.11289600 7.8400 0.0000 
2022 10 31 13 7.8400 0.11289600 7.8400 0.0000 
2022 10 31 14 7.8400 0.11289600 7.8400 0.0000 
2022 10 31 15 7.8400 0.11289600 7.8400 0.0000 
2022 10 31 16 7.8400 0.11289600 7.8400 0.0000 
2022 10 31 17 7.8400 0.11289600 7.8400 0.0000 
2022 10 31 18 7.8400 0.11289600 7.8400 0.0000 
2022 10 31 19 7.8400 0.11289600 7.8400 0.0000 
2022 10 31 20 7.8400 0.11289600 7.8400 0.0000 
2022 10 31 21 7.8400 0.11289600 7.8400 0.0000 
2022 10 31 22 7.8400 0.11289600 7.8400 0.0000 
2022 10 31 23 7.8400 0.11289600 7.8400 0.0000 
2022 11 1 0 7.8400 0.11289600 7.8400 0.0000 
2022 11 2 0 7.8400 0.11289600 7.8400 0.0000 
2022 11 3 0 7.8400 0.11289600 7.8400 0.0000 
2022 11 4 0 7.8400 0.11289600 7.8400 0.0000 
2022 11 5 0 7.8400 0.11289600 7.8400 0.0000 
2022 11 6 0 7.8400 0.11289600 7.8400 0.0000 
2022 11 7 0 7.8400 0.11289600 7.8400 0.0000 
2022 11 8 0 7.8400 0.11289600 7.8400 0.0000 
2022 11 9 0 7.8400 0.11289600 7.8400 0.0000 
2022 11 10 0 7.8400 0.11289600 7.8400 0.0000 
2022 11 11 0 7.8400 0.11289600 7.8400 0.0000 
2022 11 12 0 7.8400 0.11289600 7.8400 0.0000 
2022 11 13 0 7.8400 0.11289600 7.8400 0.0000 
2022 11 14 0 7.8400 0.11289600 7.8400 0.0000 
2022 11 15 0 7.8400 0.11289600 7.8400 0.0000 
2022 11 16 0 7.8400 0.11289600 7.8400 0.0000 
2022 11 17 0 7.8400 0.11289600 7.8400 0.0000 
2022 11 18 0 7.8400 0.11289600 7.8400 0.0000 
2022 11 19 0 7.8400 0.11289600 7.8400 0.0000 
2022 11 20 0 7.8400 0.11289600 7.8400 0.0000 
2022 11 21 0 7.8400 0.11289600 7.8400 0.0000 
2022 11 22 0 7.8400 0.11289600 7.8400 0.0000 
2022 11 23 0 7.8400 0.11289600 7.8400 0.0000 
2022 11 24 0 7.8400 0.11289600 7.8400 0.0000 
2022 11 25 0 7.8400 0.11289600 7.8400 0.0000 
2022 11 26 0 7.8400 0.11289600 7.8400 0.0000 
2022 11 27 0 7.8400 0.11289600 7.8400 0.0000 
2022 11 28 0 7.8400 0.11289600 7.8400 0.0000 
2022 11 29 0 7.8400 0.11289600 7.8400 0.0000 
2022 11 30 0 7.8400 0.11289600 7.8400 0.0000 
2022 12 1 0 7.8400 0.11289600 7.8400 0.0000 
2022 12 2 0 7.8400 0.11289600 7.8400 0.0000 
2022 12 3 0 7.9681 0.11466314 7.9476 0.0000 
2022 12 4 0 8.1227 0.11687435 8.0971 0.0000 
2022 12 5 0 8.2639 0.11891508 8.2403 0.0000 
2022 12 6 0 8.4003 0.12088209 8.3775 0.0000 
2022 12 7 0 8.5303 0.12275892 8.5086 0.0000 
2022 12 8 0 8.6619 0.12465240 8.6400 0.0000 
2022 12 9 0 8.7960 0.12658223 8.7737 0.0000 
2022 12 10 0 8.9260 0.12845701 8.9043 0.0000 
2022 12 11 0 9.0591 0.13037151 9.0370 0.0000 
2022 12 12 0 9.1894 0.13224896 9.1677 0.0000 
2022 12 13 0 9.3119 0.13401743 9.2914 0.0000 
2022 12 14 0 9.4273 0.13568344 9.4080 0.0000 
2022 12 15 0 9.5314 0.13718993 9.5140 0.0000 
2022 12 16 0 9.6235 0.13852272 9.6080 0.0000 
2022 12 17 0 9.7099 0.13977049 9.6954 0.0000 
2022 12 18 0 9.7930 0.14096953 9.7791 0.0000 
2022 12 19 0 9.8701 0.14208376 9.8572 0.0000 
2022 12 20 0 9.9421 0.14312301 9.9301 0.0000 
2022 12 21 0 10.0005 0.14397255 9.9907 0.0000 
2022 12 22 0 10.0537 0.14474172 10.0448 0.0000 
2022 12 23 0 10.1007 0.14542229 10.0929 0.0000 
2022 12 24 0 10.1411 0.14600695 10.1343 0.0000 
2022 12 25 0 10.1792 0.14655810 10.1729 0.0000 
2022 12 26 0 10.2457 0.14749888 10.2349 0.0000 
2022 12 27 0 10.3181 0.14853759 10.3061 0.0000 
2022 12 28 0 10.3763 0.14938372 10.3665 0.0000 
2022 12 29 0 10.4261 0.15010533 10.4177 0.0000 
2022 12 30 0 10.4714 0.15076147 10.4638 0.0000 
2022 12 31 0 10.5490 0.15185862 10.5363 0.0000 
2023 1 1 0 11.1864 0.16102977 11.1713 0.0000 
2023 1 8 0 11.9590 0.17214308 11.9406 0.0000 
2023 1 15 0 12.0880 0.17405617 12.0848 0.0000 
2023 1 22 0 11.2777 0.16246806 11.2968 0.0000 
2023 1 29 0 5.1778 0.07508326 5.3223 0.0000 
2023 2 5 0 3.6132 0.05216472 3.6511 0.0000 
2023 2 12 0 3.4234 0.04931375 3.4282 0.0000 
2023 2 19 0 3.3496 0.04824084 3.3514 0.0000 
2023 2 26 0 3.2928 0.04742125 3.2942 0.0000 
2023 3 5 0 3.2572 0.04690709 3.2581 0.0000 
2023 3 12 0 3.2976 0.04748218 3.2967 0.0000 
2023 3 19 0 3.5767 0.05148120 3.5701 0.0000 
2023 3 26 0 3.9368 0.05665931 3.9283 0.0000 
2023 4 2 0 4.0473 0.05827130 4.0446 0.0000 
2023 4 9 0 9.4716 0.13592679 9.3432 0.0000 
2023 4 16 0 14.1971 0.20403350 14.0845 0.0000 
2023 4 23 0 16.0317 0.23069899 15.9876 0.0000 
2023 4 30 0 16.6464 0.23965574 16.6316 0.0000 
2023 5 7 0 23.1996 0.33351269 23.0444 0.0000 
2023 5 14 0 34.2609 0.49240950 33.9982 0.0000 
2023 5 21 0 28.7198 0.41403970 28.8494 0.0000 
2023 5 28 0 16.7126 0.24169013 16.9975 0.0000 
2023 6 4 0 11.1545 0.16110082 11.2877 0.0000 
2023 6 11 0 9.7015 0.13982583 9.7367 0.0000 
2023 6 18 0 9.1787 0.13221791 9.1913 0.0000 
2023 6 25 0 8.5462 0.12311919 8.5612 0.0000 
2023 7 2 0 7.9573 0.11463618 7.9714 0.0000 
2023 7 9 0 7.5177 0.10829224 7.5282 0.0000 
2023 7 16 0 12.3195 0.17698991 12.2060 0.0000 
2023 7 23 0 15.4093 0.22162886 15.3355 0.0000 
2023 7 30 0 14.8560 0.21397330 14.8686 0.0000 
2023 8 6 0 14.3527 0.20672165 14.3647 0.0000 
2023 8 13 0 14.1513 0.20379598 14.1561 0.0000 
2023 8 20 0 14.1278 0.20344220 14.1284 0.0000 
2023 8 27 0 14.0729 0.20265406 14.0742 0.0000 
