Riversystem uTAHPS reservoir fractions [fr] 
YYYY MM DD HH HJELLE GRESSE TOPPSY KROKNESVATN 
2022 9 1 0 0.6989 0.8000 0.9001 0.6600 
2022 9 1 1 0.6977 0.8000 0.9001 0.6600 
2022 9 1 2 0.6966 0.8000 0.9001 0.6601 
2022 9 1 3 0.6955 0.8001 0.9002 0.6601 
2022 9 1 4 0.6943 0.8001 0.9003 0.6601 
2022 9 1 5 0.6932 0.8001 0.9004 0.6601 
2022 9 1 6 0.6920 0.8001 0.9004 0.6601 
2022 9 1 7 0.6909 0.8001 0.9005 0.6601 
2022 9 1 8 0.6898 0.8001 0.9006 0.6601 
2022 9 1 9 0.6886 0.8001 0.9007 0.6601 
2022 9 1 10 0.6875 0.8001 0.9008 0.6602 
2022 9 1 11 0.6863 0.8002 0.9009 0.6602 
2022 9 1 12 0.6852 0.8002 0.9010 0.6602 
2022 9 1 13 0.6841 0.8002 0.9011 0.6602 
2022 9 1 14 0.6829 0.8002 0.9012 0.6602 
2022 9 1 15 0.6818 0.8002 0.9013 0.6602 
2022 9 1 16 0.6806 0.8002 0.9014 0.6602 
2022 9 1 17 0.6795 0.8002 0.9015 0.6602 
2022 9 1 18 0.6783 0.8002 0.9016 0.6603 
2022 9 1 19 0.6772 0.8003 0.9017 0.6603 
2022 9 1 20 0.6760 0.8003 0.9018 0.6603 
2022 9 1 21 0.6749 0.8003 0.9019 0.6603 
2022 9 1 22 0.6737 0.8003 0.9020 0.6603 
2022 9 1 23 0.6726 0.8003 0.9021 0.6603 
2022 9 2 0 0.6714 0.8003 0.9022 0.6603 
2022 9 2 1 0.6703 0.8003 0.9023 0.6603 
2022 9 2 2 0.6691 0.8003 0.9024 0.6603 
2022 9 2 3 0.6680 0.8004 0.9025 0.6604 
2022 9 2 4 0.6668 0.8004 0.9026 0.6604 
2022 9 2 5 0.6657 0.8004 0.9027 0.6604 
2022 9 2 6 0.6645 0.8004 0.9028 0.6604 
2022 9 2 7 0.6634 0.8004 0.9029 0.6604 
2022 9 2 8 0.6622 0.8004 0.9030 0.6604 
2022 9 2 9 0.6611 0.8004 0.9031 0.6604 
2022 9 2 10 0.6599 0.8004 0.9032 0.6604 
2022 9 2 11 0.6588 0.8004 0.9033 0.6604 
2022 9 2 12 0.6576 0.8005 0.9034 0.6604 
2022 9 2 13 0.6565 0.8005 0.9035 0.6605 
2022 9 2 14 0.6553 0.8005 0.9036 0.6605 
2022 9 2 15 0.6541 0.8005 0.9037 0.6605 
2022 9 2 16 0.6530 0.8005 0.9038 0.6605 
2022 9 2 17 0.6518 0.8005 0.9039 0.6605 
2022 9 2 18 0.6507 0.8005 0.9040 0.6605 
2022 9 2 19 0.6495 0.8005 0.9041 0.6605 
2022 9 2 20 0.6483 0.8005 0.9042 0.6605 
2022 9 2 21 0.6472 0.8006 0.9043 0.6605 
2022 9 2 22 0.6460 0.8006 0.9044 0.6605 
2022 9 2 23 0.6449 0.8006 0.9045 0.6606 
2022 9 3 0 0.6437 0.8006 0.9046 0.6606 
2022 9 3 1 0.6425 0.8006 0.9047 0.6606 
2022 9 3 2 0.6414 0.8006 0.9048 0.6606 
2022 9 3 3 0.6402 0.8006 0.9049 0.6606 
2022 9 3 4 0.6390 0.8006 0.9050 0.6606 
2022 9 3 5 0.6379 0.8006 0.9051 0.6606 
2022 9 3 6 0.6367 0.8007 0.9052 0.6606 
2022 9 3 7 0.6356 0.8007 0.9053 0.6606 
2022 9 3 8 0.6344 0.8007 0.9054 0.6606 
2022 9 3 9 0.6332 0.8007 0.9055 0.6607 
2022 9 3 10 0.6321 0.8007 0.9056 0.6607 
2022 9 3 11 0.6309 0.8007 0.9057 0.6607 
2022 9 3 12 0.6297 0.8007 0.9058 0.6607 
2022 9 3 13 0.6286 0.8007 0.9058 0.6607 
2022 9 3 14 0.6274 0.8007 0.9059 0.6607 
2022 9 3 15 0.6262 0.8008 0.9060 0.6607 
2022 9 3 16 0.6250 0.8008 0.9061 0.6607 
2022 9 3 17 0.6239 0.8008 0.9062 0.6607 
2022 9 3 18 0.6227 0.8008 0.9063 0.6607 
2022 9 3 19 0.6215 0.8008 0.9064 0.6608 
2022 9 3 20 0.6204 0.8008 0.9065 0.6608 
2022 9 3 21 0.6192 0.8008 0.9066 0.6608 
2022 9 3 22 0.6180 0.8008 0.9067 0.6608 
2022 9 3 23 0.6169 0.8008 0.9068 0.6608 
2022 9 4 0 0.6157 0.8008 0.9069 0.6608 
2022 9 4 1 0.6146 0.8009 0.9070 0.6608 
2022 9 4 2 0.6134 0.8009 0.9071 0.6608 
2022 9 4 3 0.6122 0.8009 0.9072 0.6608 
2022 9 4 4 0.6111 0.8009 0.9073 0.6608 
2022 9 4 5 0.6099 0.8006 0.9073 0.6607 
2022 9 4 6 0.6088 0.8004 0.9073 0.6606 
2022 9 4 7 0.6076 0.8001 0.9072 0.6605 
2022 9 4 8 0.6065 0.7998 0.9072 0.6604 
2022 9 4 9 0.6053 0.7995 0.9071 0.6603 
2022 9 4 10 0.6042 0.7993 0.9071 0.6603 
2022 9 4 11 0.6030 0.7990 0.9071 0.6603 
2022 9 4 12 0.6019 0.7987 0.9070 0.6603 
2022 9 4 13 0.6007 0.7985 0.9070 0.6603 
2022 9 4 14 0.5996 0.7982 0.9070 0.6603 
2022 9 4 15 0.5984 0.7979 0.9069 0.6603 
2022 9 4 16 0.5973 0.7977 0.9069 0.6604 
2022 9 4 17 0.5961 0.7974 0.9069 0.6604 
2022 9 4 18 0.5950 0.7971 0.9068 0.6604 
2022 9 4 19 0.5938 0.7969 0.9068 0.6605 
2022 9 4 20 0.5927 0.7966 0.9068 0.6605 
2022 9 4 21 0.5915 0.7963 0.9067 0.6605 
2022 9 4 22 0.5904 0.7961 0.9067 0.6606 
2022 9 4 23 0.5892 0.7958 0.9067 0.6606 
2022 9 5 0 0.5881 0.7955 0.9066 0.6607 
2022 9 5 1 0.5870 0.7953 0.9066 0.6607 
2022 9 5 2 0.5858 0.7950 0.9066 0.6608 
2022 9 5 3 0.5847 0.7947 0.9065 0.6608 
2022 9 5 4 0.5835 0.7944 0.9065 0.6608 
2022 9 5 5 0.5824 0.7942 0.9065 0.6609 
2022 9 5 6 0.5813 0.7939 0.9064 0.6609 
2022 9 5 7 0.5801 0.7936 0.9064 0.6610 
2022 9 5 8 0.5790 0.7934 0.9063 0.6610 
2022 9 5 9 0.5779 0.7931 0.9063 0.6610 
2022 9 5 10 0.5767 0.7928 0.9063 0.6611 
2022 9 5 11 0.5756 0.7926 0.9062 0.6611 
2022 9 5 12 0.5745 0.7923 0.9062 0.6612 
2022 9 5 13 0.5734 0.7920 0.9062 0.6612 
2022 9 5 14 0.5722 0.7918 0.9061 0.6613 
2022 9 5 15 0.5711 0.7915 0.9061 0.6613 
2022 9 5 16 0.5700 0.7912 0.9061 0.6613 
2022 9 5 17 0.5689 0.7910 0.9060 0.6614 
2022 9 5 18 0.5678 0.7907 0.9060 0.6614 
2022 9 5 19 0.5666 0.7904 0.9060 0.6615 
2022 9 5 20 0.5655 0.7902 0.9059 0.6615 
2022 9 5 21 0.5644 0.7899 0.9059 0.6615 
2022 9 5 22 0.5633 0.7896 0.9059 0.6616 
2022 9 5 23 0.5622 0.7894 0.9058 0.6616 
2022 9 6 0 0.5610 0.7891 0.9058 0.6617 
2022 9 6 1 0.5599 0.7888 0.9058 0.6617 
2022 9 6 2 0.5588 0.7886 0.9057 0.6618 
2022 9 6 3 0.5577 0.7883 0.9057 0.6618 
2022 9 6 4 0.5566 0.7880 0.9057 0.6618 
2022 9 6 5 0.5555 0.7878 0.9056 0.6619 
2022 9 6 6 0.5544 0.7875 0.9056 0.6619 
2022 9 6 7 0.5533 0.7872 0.9056 0.6620 
2022 9 6 8 0.5522 0.7870 0.9055 0.6620 
2022 9 6 9 0.5511 0.7867 0.9055 0.6620 
2022 9 6 10 0.5500 0.7864 0.9055 0.6621 
2022 9 6 11 0.5489 0.7862 0.9054 0.6621 
2022 9 6 12 0.5478 0.7859 0.9054 0.6622 
2022 9 6 13 0.5467 0.7856 0.9053 0.6622 
2022 9 6 14 0.5456 0.7854 0.9053 0.6622 
2022 9 6 15 0.5445 0.7851 0.9053 0.6623 
2022 9 6 16 0.5434 0.7848 0.9052 0.6623 
2022 9 6 17 0.5424 0.7846 0.9052 0.6624 
2022 9 6 18 0.5413 0.7843 0.9052 0.6624 
2022 9 6 19 0.5402 0.7840 0.9051 0.6625 
2022 9 6 20 0.5391 0.7838 0.9051 0.6625 
2022 9 6 21 0.5380 0.7835 0.9051 0.6625 
2022 9 6 22 0.5369 0.7833 0.9050 0.6626 
2022 9 6 23 0.5358 0.7830 0.9050 0.6626 
2022 9 7 0 0.5347 0.7827 0.9050 0.6627 
2022 9 7 1 0.5336 0.7825 0.9049 0.6627 
2022 9 7 2 0.5326 0.7822 0.9049 0.6627 
2022 9 7 3 0.5315 0.7819 0.9049 0.6628 
2022 9 7 4 0.5304 0.7817 0.9048 0.6628 
2022 9 7 5 0.5293 0.7814 0.9048 0.6629 
2022 9 7 6 0.5282 0.7811 0.9048 0.6629 
2022 9 7 7 0.5271 0.7809 0.9047 0.6629 
2022 9 7 8 0.5260 0.7806 0.9047 0.6630 
2022 9 7 9 0.5249 0.7803 0.9047 0.6630 
2022 9 7 10 0.5238 0.7801 0.9046 0.6631 
2022 9 7 11 0.5227 0.7798 0.9046 0.6631 
2022 9 7 12 0.5217 0.7795 0.9046 0.6631 
2022 9 7 13 0.5206 0.7793 0.9045 0.6632 
2022 9 7 14 0.5195 0.7790 0.9045 0.6632 
2022 9 7 15 0.5184 0.7787 0.9045 0.6633 
2022 9 7 16 0.5173 0.7785 0.9044 0.6633 
2022 9 7 17 0.5162 0.7782 0.9044 0.6633 
2022 9 7 18 0.5151 0.7779 0.9044 0.6634 
2022 9 7 19 0.5140 0.7777 0.9043 0.6634 
2022 9 7 20 0.5129 0.7774 0.9043 0.6635 
2022 9 7 21 0.5118 0.7771 0.9042 0.6635 
2022 9 7 22 0.5107 0.7769 0.9042 0.6635 
2022 9 7 23 0.5096 0.7766 0.9042 0.6636 
2022 9 8 0 0.5085 0.7763 0.9041 0.6636 
2022 9 8 1 0.5074 0.7761 0.9041 0.6637 
2022 9 8 2 0.5063 0.7758 0.9041 0.6637 
2022 9 8 3 0.5052 0.7755 0.9040 0.6637 
2022 9 8 4 0.5041 0.7753 0.9040 0.6638 
2022 9 8 5 0.5030 0.7750 0.9040 0.6638 
2022 9 8 6 0.5019 0.7747 0.9039 0.6639 
2022 9 8 7 0.5008 0.7745 0.9039 0.6639 
2022 9 8 8 0.4997 0.7742 0.9039 0.6639 
2022 9 8 9 0.4986 0.7739 0.9038 0.6640 
2022 9 8 10 0.4974 0.7737 0.9038 0.6640 
2022 9 8 11 0.4963 0.7734 0.9038 0.6641 
2022 9 8 12 0.4952 0.7731 0.9037 0.6641 
2022 9 8 13 0.4941 0.7729 0.9037 0.6641 
2022 9 8 14 0.4930 0.7726 0.9036 0.6642 
2022 9 8 15 0.4919 0.7723 0.9036 0.6642 
2022 9 8 16 0.4908 0.7721 0.9036 0.6643 
2022 9 8 17 0.4896 0.7718 0.9035 0.6643 
2022 9 8 18 0.4885 0.7715 0.9035 0.6643 
2022 9 8 19 0.4874 0.7713 0.9035 0.6644 
2022 9 8 20 0.4863 0.7710 0.9034 0.6644 
2022 9 8 21 0.4852 0.7707 0.9034 0.6645 
2022 9 8 22 0.4840 0.7705 0.9034 0.6645 
2022 9 8 23 0.4829 0.7702 0.9033 0.6645 
2022 9 9 0 0.4818 0.7699 0.9033 0.6646 
2022 9 9 1 0.4806 0.7697 0.9033 0.6646 
2022 9 9 2 0.4795 0.7694 0.9032 0.6647 
2022 9 9 3 0.4784 0.7691 0.9032 0.6647 
2022 9 9 4 0.4773 0.7689 0.9031 0.6647 
2022 9 9 5 0.4762 0.7686 0.9031 0.6648 
2022 9 9 6 0.4750 0.7683 0.9031 0.6648 
2022 9 9 7 0.4739 0.7681 0.9030 0.6649 
2022 9 9 8 0.4728 0.7678 0.9030 0.6649 
2022 9 9 9 0.4717 0.7675 0.9030 0.6649 
2022 9 9 10 0.4706 0.7673 0.9029 0.6650 
2022 9 9 11 0.4694 0.7670 0.9029 0.6650 
2022 9 9 12 0.4683 0.7667 0.9029 0.6651 
2022 9 9 13 0.4672 0.7664 0.9028 0.6651 
2022 9 9 14 0.4661 0.7662 0.9028 0.6651 
2022 9 9 15 0.4649 0.7659 0.9028 0.6652 
2022 9 9 16 0.4638 0.7656 0.9027 0.6652 
2022 9 9 17 0.4627 0.7654 0.9027 0.6652 
2022 9 9 18 0.4615 0.7651 0.9026 0.6653 
2022 9 9 19 0.4604 0.7648 0.9026 0.6653 
2022 9 9 20 0.4593 0.7646 0.9026 0.6654 
2022 9 9 21 0.4581 0.7643 0.9025 0.6654 
2022 9 9 22 0.4570 0.7640 0.9025 0.6654 
2022 9 9 23 0.4558 0.7638 0.9025 0.6655 
2022 9 10 0 0.4547 0.7635 0.9024 0.6655 
2022 9 10 1 0.4535 0.7632 0.9024 0.6656 
2022 9 10 2 0.4524 0.7629 0.9024 0.6656 
2022 9 10 3 0.4512 0.7627 0.9023 0.6656 
2022 9 10 4 0.4501 0.7624 0.9023 0.6657 
2022 9 10 5 0.4490 0.7621 0.9022 0.6657 
2022 9 10 6 0.4478 0.7619 0.9022 0.6658 
2022 9 10 7 0.4467 0.7616 0.9022 0.6658 
2022 9 10 8 0.4455 0.7613 0.9021 0.6658 
2022 9 10 9 0.4444 0.7611 0.9021 0.6659 
2022 9 10 10 0.4433 0.7608 0.9021 0.6659 
2022 9 10 11 0.4421 0.7605 0.9020 0.6659 
2022 9 10 12 0.4410 0.7603 0.9020 0.6660 
2022 9 10 13 0.4399 0.7600 0.9020 0.6660 
2022 9 10 14 0.4388 0.7597 0.9019 0.6661 
2022 9 10 15 0.4377 0.7595 0.9019 0.6661 
2022 9 10 16 0.4366 0.7592 0.9019 0.6661 
2022 9 10 17 0.4355 0.7589 0.9018 0.6662 
2022 9 10 18 0.4344 0.7587 0.9018 0.6662 
2022 9 10 19 0.4333 0.7584 0.9017 0.6663 
2022 9 10 20 0.4322 0.7581 0.9017 0.6663 
2022 9 10 21 0.4311 0.7579 0.9017 0.6663 
2022 9 10 22 0.4300 0.7576 0.9016 0.6664 
2022 9 10 23 0.4289 0.7573 0.9016 0.6664 
2022 9 11 0 0.4278 0.7571 0.9016 0.6664 
2022 9 11 1 0.4267 0.7568 0.9015 0.6665 
2022 9 11 2 0.4256 0.7565 0.9015 0.6665 
2022 9 11 3 0.4245 0.7563 0.9015 0.6666 
2022 9 11 4 0.4234 0.7560 0.9014 0.6666 
2022 9 11 5 0.4224 0.7557 0.9014 0.6666 
2022 9 11 6 0.4213 0.7555 0.9014 0.6667 
2022 9 11 7 0.4202 0.7552 0.9013 0.6667 
2022 9 11 8 0.4191 0.7549 0.9013 0.6668 
2022 9 11 9 0.4180 0.7547 0.9012 0.6668 
2022 9 11 10 0.4169 0.7544 0.9012 0.6668 
2022 9 11 11 0.4158 0.7541 0.9012 0.6669 
2022 9 11 12 0.4147 0.7539 0.9011 0.6669 
2022 9 11 13 0.4137 0.7536 0.9011 0.6669 
2022 9 11 14 0.4126 0.7533 0.9011 0.6670 
2022 9 11 15 0.4115 0.7531 0.9010 0.6670 
2022 9 11 16 0.4104 0.7528 0.9010 0.6671 
2022 9 11 17 0.4093 0.7525 0.9010 0.6671 
2022 9 11 18 0.4082 0.7523 0.9009 0.6671 
2022 9 11 19 0.4071 0.7520 0.9009 0.6672 
2022 9 11 20 0.4060 0.7517 0.9009 0.6672 
2022 9 11 21 0.4049 0.7515 0.9008 0.6673 
2022 9 11 22 0.4039 0.7512 0.9008 0.6673 
2022 9 11 23 0.4028 0.7509 0.9008 0.6673 
2022 9 12 0 0.4017 0.7507 0.9007 0.6674 
2022 9 12 1 0.4006 0.7504 0.9007 0.6674 
2022 9 12 2 0.3995 0.7501 0.9006 0.6674 
2022 9 12 3 0.3984 0.7499 0.9006 0.6675 
2022 9 12 4 0.3973 0.7496 0.9006 0.6675 
2022 9 12 5 0.3962 0.7493 0.9005 0.6676 
2022 9 12 6 0.3951 0.7491 0.9005 0.6676 
2022 9 12 7 0.3940 0.7488 0.9005 0.6676 
2022 9 12 8 0.3929 0.7485 0.9004 0.6677 
2022 9 12 9 0.3918 0.7483 0.9004 0.6677 
2022 9 12 10 0.3907 0.7480 0.9004 0.6677 
2022 9 12 11 0.3896 0.7477 0.9003 0.6678 
2022 9 12 12 0.3885 0.7475 0.9003 0.6678 
2022 9 12 13 0.3873 0.7472 0.9002 0.6679 
2022 9 12 14 0.3862 0.7469 0.9002 0.6679 
2022 9 12 15 0.3852 0.7467 0.9002 0.6679 
2022 9 12 16 0.3841 0.7464 0.9001 0.6680 
2022 9 12 17 0.3830 0.7461 0.9001 0.6680 
2022 9 12 18 0.3819 0.7459 0.9001 0.6681 
2022 9 12 19 0.3809 0.7456 0.9000 0.6681 
2022 9 12 20 0.3801 0.7454 0.9000 0.6682 
2022 9 12 21 0.3795 0.7452 0.9000 0.6683 
2022 9 12 22 0.3791 0.7450 0.9001 0.6684 
2022 9 12 23 0.3787 0.7448 0.9001 0.6686 
2022 9 13 0 0.3783 0.7446 0.9001 0.6687 
2022 9 13 1 0.3780 0.7444 0.9001 0.6688 
2022 9 13 2 0.3775 0.7442 0.9002 0.6690 
2022 9 13 3 0.3771 0.7440 0.9002 0.6691 
2022 9 13 4 0.3766 0.7438 0.9002 0.6692 
2022 9 13 5 0.3761 0.7436 0.9002 0.6693 
2022 9 13 6 0.3756 0.7434 0.9002 0.6694 
2022 9 13 7 0.3751 0.7432 0.9002 0.6696 
2022 9 13 8 0.3746 0.7430 0.9003 0.6697 
2022 9 13 9 0.3742 0.7428 0.9003 0.6698 
2022 9 13 10 0.3737 0.7426 0.9003 0.6699 
2022 9 13 11 0.3732 0.7424 0.9003 0.6700 
2022 9 13 12 0.3727 0.7422 0.9003 0.6702 
2022 9 13 13 0.3722 0.7420 0.9003 0.6703 
2022 9 13 14 0.3717 0.7418 0.9003 0.6704 
2022 9 13 15 0.3711 0.7416 0.9003 0.6705 
2022 9 13 16 0.3706 0.7414 0.9004 0.6706 
2022 9 13 17 0.3700 0.7412 0.9004 0.6707 
2022 9 13 18 0.3694 0.7410 0.9004 0.6708 
2022 9 13 19 0.3688 0.7407 0.9004 0.6709 
2022 9 13 20 0.3682 0.7405 0.9004 0.6710 
2022 9 13 21 0.3676 0.7403 0.9004 0.6711 
2022 9 13 22 0.3669 0.7401 0.9004 0.6712 
2022 9 13 23 0.3663 0.7399 0.9004 0.6713 
2022 9 14 0 0.3656 0.7397 0.9004 0.6714 
2022 9 14 1 0.3649 0.7394 0.9004 0.6715 
2022 9 14 2 0.3643 0.7392 0.9004 0.6716 
2022 9 14 3 0.3636 0.7390 0.9004 0.6717 
2022 9 14 4 0.3629 0.7388 0.9004 0.6718 
2022 9 14 5 0.3622 0.7385 0.9004 0.6718 
2022 9 14 6 0.3614 0.7383 0.9004 0.6719 
2022 9 14 7 0.3607 0.7381 0.9004 0.6720 
2022 9 14 8 0.3600 0.7379 0.9003 0.6721 
2022 9 14 9 0.3592 0.7376 0.9003 0.6722 
2022 9 14 10 0.3585 0.7374 0.9003 0.6723 
2022 9 14 11 0.3577 0.7372 0.9003 0.6724 
2022 9 14 12 0.3570 0.7369 0.9003 0.6724 
2022 9 14 13 0.3562 0.7367 0.9003 0.6725 
2022 9 14 14 0.3555 0.7365 0.9003 0.6726 
2022 9 14 15 0.3547 0.7362 0.9003 0.6727 
2022 9 14 16 0.3539 0.7360 0.9003 0.6728 
2022 9 14 17 0.3532 0.7358 0.9003 0.6728 
2022 9 14 18 0.3524 0.7355 0.9003 0.6729 
2022 9 14 19 0.3516 0.7353 0.9003 0.6730 
2022 9 14 20 0.3508 0.7351 0.9002 0.6731 
2022 9 14 21 0.3500 0.7348 0.9002 0.6731 
2022 9 14 22 0.3492 0.7346 0.9002 0.6732 
2022 9 14 23 0.3484 0.7344 0.9002 0.6733 
2022 9 15 0 0.3476 0.7341 0.9002 0.6734 
2022 9 15 1 0.3468 0.7339 0.9002 0.6734 
2022 9 15 2 0.3460 0.7337 0.9002 0.6735 
2022 9 15 3 0.3452 0.7334 0.9002 0.6736 
2022 9 15 4 0.3444 0.7332 0.9001 0.6737 
2022 9 15 5 0.3436 0.7330 0.9001 0.6737 
2022 9 15 6 0.3428 0.7327 0.9001 0.6738 
2022 9 15 7 0.3420 0.7325 0.9001 0.6739 
2022 9 15 8 0.3412 0.7322 0.9001 0.6740 
2022 9 15 9 0.3403 0.7320 0.9001 0.6740 
2022 9 15 10 0.3395 0.7318 0.9001 0.6741 
2022 9 15 11 0.3387 0.7315 0.9000 0.6742 
2022 9 15 12 0.3379 0.7313 0.9000 0.6742 
2022 9 15 13 0.3370 0.7310 0.9000 0.6743 
2022 9 15 14 0.3362 0.7308 0.9000 0.6744 
2022 9 15 15 0.3353 0.7306 0.9000 0.6745 
2022 9 15 16 0.3345 0.7303 0.9000 0.6745 
2022 9 15 17 0.3337 0.7301 0.9000 0.6746 
2022 9 15 18 0.3328 0.7298 0.8999 0.6747 
2022 9 15 19 0.3320 0.7296 0.8999 0.6747 
2022 9 15 20 0.3311 0.7294 0.8999 0.6748 
2022 9 15 21 0.3302 0.7291 0.8999 0.6749 
2022 9 15 22 0.3294 0.7289 0.8999 0.6749 
2022 9 15 23 0.3285 0.7286 0.8999 0.6750 
2022 9 16 0 0.3276 0.7284 0.8998 0.6751 
2022 9 16 1 0.3267 0.7282 0.8998 0.6751 
2022 9 16 2 0.3259 0.7279 0.8998 0.6752 
2022 9 16 3 0.3250 0.7277 0.8998 0.6753 
2022 9 16 4 0.3241 0.7274 0.8998 0.6753 
2022 9 16 5 0.3232 0.7272 0.8997 0.6754 
2022 9 16 6 0.3223 0.7269 0.8997 0.6755 
2022 9 16 7 0.3214 0.7267 0.8997 0.6755 
2022 9 16 8 0.3205 0.7264 0.8997 0.6756 
2022 9 16 9 0.3196 0.7262 0.8997 0.6757 
2022 9 16 10 0.3187 0.7260 0.8997 0.6757 
2022 9 16 11 0.3178 0.7257 0.8996 0.6758 
2022 9 16 12 0.3169 0.7255 0.8996 0.6759 
2022 9 16 13 0.3160 0.7252 0.8996 0.6759 
2022 9 16 14 0.3150 0.7250 0.8996 0.6760 
2022 9 16 15 0.3141 0.7247 0.8996 0.6760 
2022 9 16 16 0.3132 0.7245 0.8995 0.6761 
2022 9 16 17 0.3123 0.7242 0.8995 0.6762 
2022 9 16 18 0.3113 0.7240 0.8995 0.6762 
2022 9 16 19 0.3104 0.7237 0.8995 0.6763 
2022 9 16 20 0.3095 0.7235 0.8994 0.6764 
2022 9 16 21 0.3085 0.7232 0.8994 0.6764 
2022 9 16 22 0.3076 0.7230 0.8994 0.6765 
2022 9 16 23 0.3066 0.7227 0.8994 0.6765 
2022 9 17 0 0.3057 0.7225 0.8994 0.6766 
2022 9 17 1 0.3047 0.7222 0.8993 0.6767 
2022 9 17 2 0.3038 0.7220 0.8993 0.6767 
2022 9 17 3 0.3028 0.7217 0.8993 0.6768 
2022 9 17 4 0.3019 0.7215 0.8993 0.6768 
2022 9 17 5 0.3009 0.7212 0.8992 0.6769 
2022 9 17 6 0.3000 0.7210 0.8992 0.6770 
2022 9 17 7 0.2990 0.7207 0.8992 0.6770 
2022 9 17 8 0.2980 0.7205 0.8992 0.6771 
2022 9 17 9 0.2971 0.7202 0.8991 0.6771 
2022 9 17 10 0.2961 0.7200 0.8991 0.6772 
2022 9 17 11 0.2951 0.7197 0.8991 0.6772 
2022 9 17 12 0.2941 0.7195 0.8991 0.6773 
2022 9 17 13 0.2932 0.7192 0.8991 0.6774 
2022 9 17 14 0.2922 0.7190 0.8990 0.6774 
2022 9 17 15 0.2912 0.7187 0.8990 0.6775 
2022 9 17 16 0.2902 0.7184 0.8990 0.6775 
2022 9 17 17 0.2892 0.7182 0.8990 0.6776 
2022 9 17 18 0.2882 0.7179 0.8989 0.6776 
2022 9 17 19 0.2872 0.7177 0.8989 0.6777 
2022 9 17 20 0.2862 0.7174 0.8989 0.6778 
2022 9 17 21 0.2852 0.7172 0.8988 0.6778 
2022 9 17 22 0.2842 0.7169 0.8988 0.6779 
2022 9 17 23 0.2832 0.7167 0.8988 0.6779 
2022 9 18 0 0.2822 0.7164 0.8988 0.6780 
2022 9 18 1 0.2812 0.7161 0.8987 0.6780 
2022 9 18 2 0.2801 0.7159 0.8987 0.6781 
2022 9 18 3 0.2791 0.7156 0.8987 0.6781 
2022 9 18 4 0.2781 0.7154 0.8987 0.6782 
2022 9 18 5 0.2771 0.7151 0.8986 0.6782 
2022 9 18 6 0.2760 0.7149 0.8986 0.6783 
2022 9 18 7 0.2750 0.7146 0.8986 0.6783 
2022 9 18 8 0.2740 0.7143 0.8986 0.6784 
2022 9 18 9 0.2730 0.7141 0.8985 0.6785 
2022 9 18 10 0.2719 0.7138 0.8985 0.6785 
2022 9 18 11 0.2709 0.7136 0.8985 0.6786 
2022 9 18 12 0.2699 0.7133 0.8984 0.6786 
2022 9 18 13 0.2688 0.7131 0.8984 0.6787 
2022 9 18 14 0.2678 0.7128 0.8984 0.6787 
2022 9 18 15 0.2667 0.7125 0.8984 0.6788 
2022 9 18 16 0.2657 0.7123 0.8983 0.6788 
2022 9 18 17 0.2646 0.7120 0.8983 0.6789 
2022 9 18 18 0.2636 0.7118 0.8983 0.6789 
2022 9 18 19 0.2625 0.7115 0.8982 0.6790 
2022 9 18 20 0.2615 0.7112 0.8982 0.6790 
2022 9 18 21 0.2604 0.7110 0.8982 0.6791 
2022 9 18 22 0.2594 0.7107 0.8982 0.6791 
2022 9 18 23 0.2583 0.7105 0.8981 0.6792 
2022 9 19 0 0.2573 0.7102 0.8981 0.6792 
2022 9 19 1 0.2562 0.7099 0.8981 0.6793 
2022 9 19 2 0.2551 0.7097 0.8980 0.6793 
2022 9 19 3 0.2541 0.7094 0.8980 0.6794 
2022 9 19 4 0.2530 0.7092 0.8980 0.6794 
2022 9 19 5 0.2519 0.7089 0.8979 0.6795 
2022 9 19 6 0.2508 0.7086 0.8979 0.6795 
2022 9 19 7 0.2498 0.7084 0.8979 0.6796 
2022 9 19 8 0.2487 0.7081 0.8979 0.6796 
2022 9 19 9 0.2476 0.7078 0.8978 0.6797 
2022 9 19 10 0.2465 0.7076 0.8978 0.6797 
2022 9 19 11 0.2455 0.7073 0.8978 0.6798 
2022 9 19 12 0.2444 0.7071 0.8977 0.6798 
2022 9 19 13 0.2433 0.7068 0.8977 0.6799 
2022 9 19 14 0.2422 0.7065 0.8977 0.6799 
2022 9 19 15 0.2412 0.7063 0.8976 0.6800 
2022 9 19 16 0.2401 0.7060 0.8976 0.6800 
2022 9 19 17 0.2390 0.7057 0.8976 0.6801 
2022 9 19 18 0.2379 0.7055 0.8976 0.6801 
2022 9 19 19 0.2368 0.7052 0.8975 0.6801 
2022 9 19 20 0.2358 0.7050 0.8975 0.6802 
2022 9 19 21 0.2347 0.7047 0.8975 0.6802 
2022 9 19 22 0.2336 0.7044 0.8974 0.6803 
2022 9 19 23 0.2325 0.7042 0.8974 0.6803 
2022 9 20 0 0.2314 0.7039 0.8974 0.6804 
2022 9 20 1 0.2303 0.7036 0.8973 0.6804 
2022 9 20 2 0.2292 0.7034 0.8973 0.6805 
2022 9 20 3 0.2281 0.7031 0.8973 0.6805 
2022 9 20 4 0.2270 0.7029 0.8972 0.6806 
2022 9 20 5 0.2260 0.7026 0.8972 0.6806 
2022 9 20 6 0.2249 0.7023 0.8972 0.6807 
2022 9 20 7 0.2238 0.7021 0.8972 0.6807 
2022 9 20 8 0.2227 0.7018 0.8971 0.6808 
2022 9 20 9 0.2216 0.7015 0.8971 0.6808 
2022 9 20 10 0.2205 0.7013 0.8971 0.6809 
2022 9 20 11 0.2194 0.7010 0.8970 0.6809 
2022 9 20 12 0.2183 0.7007 0.8970 0.6810 
2022 9 20 13 0.2172 0.7005 0.8970 0.6810 
2022 9 20 14 0.2161 0.7002 0.8969 0.6810 
2022 9 20 15 0.2150 0.7000 0.8969 0.6811 
2022 9 20 16 0.2139 0.6997 0.8969 0.6811 
2022 9 20 17 0.2128 0.6994 0.8968 0.6812 
2022 9 20 18 0.2117 0.6992 0.8968 0.6812 
2022 9 20 19 0.2105 0.6989 0.8968 0.6813 
2022 9 20 20 0.2094 0.6986 0.8967 0.6813 
2022 9 20 21 0.2083 0.6984 0.8967 0.6814 
2022 9 20 22 0.2072 0.6981 0.8967 0.6814 
2022 9 20 23 0.2061 0.6978 0.8966 0.6815 
2022 9 21 0 0.2050 0.6976 0.8966 0.6815 
2022 9 21 1 0.2039 0.6973 0.8966 0.6816 
2022 9 21 2 0.2028 0.6970 0.8965 0.6816 
2022 9 21 3 0.2017 0.6968 0.8965 0.6817 
2022 9 21 4 0.2006 0.6965 0.8965 0.6817 
2022 9 21 5 0.1995 0.6962 0.8964 0.6817 
2022 9 21 6 0.1983 0.6960 0.8964 0.6818 
2022 9 21 7 0.1972 0.6957 0.8964 0.6818 
2022 9 21 8 0.1961 0.6954 0.8964 0.6819 
2022 9 21 9 0.1950 0.6952 0.8963 0.6819 
2022 9 21 10 0.1939 0.6949 0.8963 0.6820 
2022 9 21 11 0.1928 0.6946 0.8963 0.6820 
2022 9 21 12 0.1917 0.6944 0.8962 0.6821 
2022 9 21 13 0.1905 0.6941 0.8962 0.6821 
2022 9 21 14 0.1894 0.6939 0.8962 0.6822 
2022 9 21 15 0.1883 0.6936 0.8961 0.6822 
2022 9 21 16 0.1872 0.6933 0.8961 0.6822 
2022 9 21 17 0.1861 0.6931 0.8961 0.6823 
2022 9 21 18 0.1850 0.6928 0.8960 0.6823 
2022 9 21 19 0.1838 0.6925 0.8960 0.6824 
2022 9 21 20 0.1827 0.6923 0.8960 0.6824 
2022 9 21 21 0.1816 0.6920 0.8959 0.6825 
2022 9 21 22 0.1805 0.6917 0.8959 0.6825 
2022 9 21 23 0.1794 0.6915 0.8959 0.6826 
2022 9 22 0 0.1782 0.6912 0.8958 0.6826 
2022 9 22 1 0.1771 0.6909 0.8958 0.6827 
2022 9 22 2 0.1760 0.6907 0.8958 0.6827 
2022 9 22 3 0.1749 0.6904 0.8957 0.6827 
2022 9 22 4 0.1737 0.6901 0.8957 0.6828 
2022 9 22 5 0.1726 0.6899 0.8957 0.6828 
2022 9 22 6 0.1715 0.6896 0.8956 0.6829 
2022 9 22 7 0.1704 0.6893 0.8956 0.6829 
2022 9 22 8 0.1692 0.6891 0.8956 0.6830 
2022 9 22 9 0.1681 0.6888 0.8955 0.6830 
2022 9 22 10 0.1670 0.6885 0.8955 0.6831 
2022 9 22 11 0.1659 0.6883 0.8955 0.6831 
2022 9 22 12 0.1647 0.6880 0.8954 0.6831 
2022 9 22 13 0.1636 0.6877 0.8954 0.6832 
2022 9 22 14 0.1625 0.6875 0.8954 0.6832 
2022 9 22 15 0.1614 0.6872 0.8953 0.6833 
2022 9 22 16 0.1602 0.6869 0.8953 0.6833 
2022 9 22 17 0.1591 0.6867 0.8953 0.6834 
2022 9 22 18 0.1580 0.6864 0.8952 0.6834 
2022 9 22 19 0.1568 0.6861 0.8952 0.6835 
2022 9 22 20 0.1557 0.6859 0.8952 0.6835 
2022 9 22 21 0.1546 0.6856 0.8951 0.6836 
2022 9 22 22 0.1535 0.6853 0.8951 0.6836 
2022 9 22 23 0.1523 0.6851 0.8951 0.6836 
2022 9 23 0 0.1512 0.6848 0.8950 0.6837 
2022 9 23 1 0.1501 0.6845 0.8950 0.6837 
2022 9 23 2 0.1490 0.6843 0.8950 0.6838 
2022 9 23 3 0.1478 0.6840 0.8949 0.6838 
2022 9 23 4 0.1467 0.6837 0.8949 0.6839 
2022 9 23 5 0.1456 0.6835 0.8949 0.6839 
2022 9 23 6 0.1444 0.6832 0.8948 0.6840 
2022 9 23 7 0.1433 0.6829 0.8948 0.6840 
2022 9 23 8 0.1422 0.6827 0.8948 0.6840 
2022 9 23 9 0.1410 0.6824 0.8947 0.6841 
2022 9 23 10 0.1399 0.6821 0.8947 0.6841 
2022 9 23 11 0.1388 0.6819 0.8947 0.6842 
2022 9 23 12 0.1377 0.6816 0.8946 0.6842 
2022 9 23 13 0.1365 0.6813 0.8946 0.6843 
2022 9 23 14 0.1354 0.6811 0.8946 0.6843 
2022 9 23 15 0.1343 0.6808 0.8945 0.6844 
2022 9 23 16 0.1332 0.6805 0.8945 0.6844 
2022 9 23 17 0.1321 0.6803 0.8945 0.6845 
2022 9 23 18 0.1309 0.6800 0.8944 0.6845 
2022 9 23 19 0.1298 0.6797 0.8944 0.6846 
2022 9 23 20 0.1287 0.6795 0.8944 0.6846 
2022 9 23 21 0.1276 0.6792 0.8943 0.6846 
2022 9 23 22 0.1265 0.6789 0.8943 0.6847 
2022 9 23 23 0.1254 0.6787 0.8943 0.6847 
2022 9 24 0 0.1242 0.6784 0.8942 0.6848 
2022 9 24 1 0.1231 0.6781 0.8942 0.6848 
2022 9 24 2 0.1220 0.6779 0.8942 0.6849 
2022 9 24 3 0.1209 0.6776 0.8942 0.6849 
2022 9 24 4 0.1198 0.6773 0.8941 0.6850 
2022 9 24 5 0.1187 0.6771 0.8941 0.6850 
2022 9 24 6 0.1175 0.6768 0.8941 0.6851 
2022 9 24 7 0.1164 0.6766 0.8940 0.6851 
2022 9 24 8 0.1153 0.6763 0.8940 0.6852 
2022 9 24 9 0.1142 0.6760 0.8940 0.6852 
2022 9 24 10 0.1131 0.6758 0.8939 0.6853 
2022 9 24 11 0.1120 0.6755 0.8939 0.6853 
2022 9 24 12 0.1108 0.6752 0.8939 0.6854 
2022 9 24 13 0.1097 0.6750 0.8938 0.6854 
2022 9 24 14 0.1086 0.6747 0.8938 0.6854 
2022 9 24 15 0.1075 0.6744 0.8938 0.6855 
2022 9 24 16 0.1064 0.6742 0.8937 0.6855 
2022 9 24 17 0.1053 0.6739 0.8937 0.6856 
2022 9 24 18 0.1041 0.6736 0.8937 0.6856 
2022 9 24 19 0.1030 0.6734 0.8936 0.6857 
2022 9 24 20 0.1019 0.6731 0.8936 0.6857 
2022 9 24 21 0.1008 0.6728 0.8936 0.6858 
2022 9 24 22 0.0997 0.6726 0.8935 0.6858 
2022 9 24 23 0.0986 0.6723 0.8935 0.6859 
2022 9 25 0 0.0975 0.6720 0.8935 0.6859 
2022 9 25 1 0.0964 0.6718 0.8935 0.6860 
2022 9 25 2 0.0953 0.6715 0.8934 0.6860 
2022 9 25 3 0.0942 0.6713 0.8934 0.6861 
2022 9 25 4 0.0931 0.6710 0.8934 0.6861 
2022 9 25 5 0.0920 0.6707 0.8933 0.6862 
2022 9 25 6 0.0910 0.6705 0.8933 0.6862 
2022 9 25 7 0.0900 0.6702 0.8933 0.6863 
2022 9 25 8 0.0890 0.6700 0.8932 0.6863 
2022 9 25 9 0.0882 0.6697 0.8932 0.6863 
2022 9 25 10 0.0874 0.6695 0.8932 0.6864 
2022 9 25 11 0.0868 0.6692 0.8932 0.6864 
2022 9 25 12 0.0863 0.6690 0.8931 0.6865 
2022 9 25 13 0.0860 0.6688 0.8931 0.6865 
2022 9 25 14 0.0858 0.6686 0.8931 0.6866 
2022 9 25 15 0.0857 0.6684 0.8931 0.6866 
2022 9 25 16 0.0858 0.6682 0.8931 0.6867 
2022 9 25 17 0.0859 0.6680 0.8931 0.6867 
2022 9 25 18 0.0862 0.6679 0.8931 0.6868 
2022 9 25 19 0.0865 0.6677 0.8931 0.6868 
2022 9 25 20 0.0868 0.6675 0.8931 0.6869 
2022 9 25 21 0.0871 0.6674 0.8931 0.6869 
2022 9 25 22 0.0875 0.6672 0.8931 0.6870 
2022 9 25 23 0.0878 0.6670 0.8931 0.6870 
2022 9 26 0 0.0881 0.6668 0.8931 0.6871 
2022 9 26 1 0.0883 0.6667 0.8931 0.6871 
2022 9 26 2 0.0886 0.6665 0.8931 0.6872 
2022 9 26 3 0.0888 0.6663 0.8931 0.6872 
2022 9 26 4 0.0890 0.6662 0.8931 0.6873 
2022 9 26 5 0.0891 0.6660 0.8931 0.6873 
2022 9 26 6 0.0892 0.6658 0.8931 0.6874 
2022 9 26 7 0.0893 0.6656 0.8931 0.6874 
2022 9 26 8 0.0894 0.6654 0.8931 0.6875 
2022 9 26 9 0.0895 0.6653 0.8931 0.6876 
2022 9 26 10 0.0896 0.6651 0.8931 0.6876 
2022 9 26 11 0.0898 0.6649 0.8931 0.6877 
2022 9 26 12 0.0899 0.6647 0.8931 0.6878 
2022 9 26 13 0.0901 0.6646 0.8931 0.6879 
2022 9 26 14 0.0902 0.6644 0.8931 0.6880 
2022 9 26 15 0.0902 0.6642 0.8932 0.6881 
2022 9 26 16 0.0903 0.6641 0.8932 0.6882 
2022 9 26 17 0.0902 0.6639 0.8932 0.6883 
2022 9 26 18 0.0902 0.6637 0.8932 0.6884 
2022 9 26 19 0.0901 0.6635 0.8932 0.6885 
2022 9 26 20 0.0900 0.6633 0.8932 0.6886 
2022 9 26 21 0.0899 0.6632 0.8932 0.6887 
2022 9 26 22 0.0899 0.6630 0.8932 0.6888 
2022 9 26 23 0.0898 0.6628 0.8933 0.6889 
2022 9 27 0 0.0898 0.6626 0.8933 0.6890 
2022 9 27 1 0.0897 0.6625 0.8933 0.6891 
2022 9 27 2 0.0897 0.6623 0.8933 0.6892 
2022 9 27 3 0.0896 0.6621 0.8933 0.6893 
2022 9 27 4 0.0896 0.6619 0.8933 0.6894 
2022 9 27 5 0.0896 0.6617 0.8934 0.6895 
2022 9 27 6 0.0897 0.6616 0.8934 0.6896 
2022 9 27 7 0.0898 0.6614 0.8934 0.6896 
2022 9 27 8 0.0900 0.6612 0.8934 0.6897 
2022 9 27 9 0.0902 0.6611 0.8934 0.6898 
2022 9 27 10 0.0905 0.6609 0.8934 0.6899 
2022 9 27 11 0.0909 0.6608 0.8935 0.6900 
2022 9 27 12 0.0912 0.6606 0.8935 0.6901 
2022 9 27 13 0.0916 0.6605 0.8935 0.6902 
2022 9 27 14 0.0920 0.6603 0.8935 0.6903 
2022 9 27 15 0.0925 0.6602 0.8935 0.6904 
2022 9 27 16 0.0929 0.6600 0.8936 0.6905 
2022 9 27 17 0.0935 0.6599 0.8936 0.6906 
2022 9 27 18 0.0942 0.6598 0.8937 0.6907 
2022 9 27 19 0.0951 0.6597 0.8937 0.6909 
2022 9 27 20 0.0961 0.6596 0.8938 0.6911 
2022 9 27 21 0.0972 0.6595 0.8939 0.6913 
2022 9 27 22 0.0985 0.6595 0.8940 0.6915 
2022 9 27 23 0.0998 0.6594 0.8941 0.6917 
2022 9 28 0 0.1012 0.6594 0.8942 0.6920 
2022 9 28 1 0.1026 0.6594 0.8943 0.6922 
2022 9 28 2 0.1039 0.6593 0.8944 0.6925 
2022 9 28 3 0.1052 0.6593 0.8945 0.6927 
2022 9 28 4 0.1065 0.6592 0.8947 0.6930 
2022 9 28 5 0.1078 0.6592 0.8948 0.6932 
2022 9 28 6 0.1090 0.6592 0.8949 0.6935 
2022 9 28 7 0.1102 0.6591 0.8950 0.6937 
2022 9 28 8 0.1114 0.6591 0.8951 0.6940 
2022 9 28 9 0.1126 0.6590 0.8952 0.6942 
2022 9 28 10 0.1138 0.6590 0.8953 0.6945 
2022 9 28 11 0.1149 0.6589 0.8954 0.6947 
2022 9 28 12 0.1160 0.6588 0.8955 0.6950 
2022 9 28 13 0.1170 0.6588 0.8956 0.6952 
2022 9 28 14 0.1180 0.6587 0.8958 0.6955 
2022 9 28 15 0.1190 0.6586 0.8958 0.6957 
2022 9 28 16 0.1198 0.6586 0.8959 0.6959 
2022 9 28 17 0.1207 0.6585 0.8960 0.6962 
2022 9 28 18 0.1215 0.6584 0.8961 0.6964 
2022 9 28 19 0.1223 0.6583 0.8962 0.6966 
2022 9 28 20 0.1230 0.6582 0.8963 0.6968 
2022 9 28 21 0.1237 0.6581 0.8964 0.6970 
2022 9 28 22 0.1243 0.6580 0.8965 0.6972 
2022 9 28 23 0.1249 0.6579 0.8965 0.6974 
2022 9 29 0 0.1255 0.6578 0.8966 0.6976 
2022 9 29 1 0.1260 0.6577 0.8967 0.6978 
2022 9 29 2 0.1265 0.6576 0.8968 0.6980 
2022 9 29 3 0.1270 0.6575 0.8968 0.6982 
2022 9 29 4 0.1275 0.6574 0.8969 0.6984 
2022 9 29 5 0.1279 0.6573 0.8970 0.6986 
2022 9 29 6 0.1283 0.6571 0.8970 0.6988 
2022 9 29 7 0.1286 0.6570 0.8971 0.6990 
2022 9 29 8 0.1290 0.6569 0.8972 0.6992 
2022 9 29 9 0.1293 0.6568 0.8972 0.6993 
2022 9 29 10 0.1296 0.6566 0.8973 0.6995 
2022 9 29 11 0.1299 0.6565 0.8973 0.6997 
2022 9 29 12 0.1301 0.6564 0.8974 0.6999 
2022 9 29 13 0.1303 0.6562 0.8974 0.7000 
2022 9 29 14 0.1305 0.6561 0.8975 0.7002 
2022 9 29 15 0.1307 0.6559 0.8976 0.7004 
2022 9 29 16 0.1309 0.6558 0.8976 0.7005 
2022 9 29 17 0.1310 0.6556 0.8977 0.7007 
2022 9 29 18 0.1311 0.6555 0.8977 0.7009 
2022 9 29 19 0.1312 0.6554 0.8977 0.7010 
2022 9 29 20 0.1313 0.6552 0.8978 0.7012 
2022 9 29 21 0.1314 0.6550 0.8978 0.7014 
2022 9 29 22 0.1314 0.6549 0.8979 0.7015 
2022 9 29 23 0.1314 0.6547 0.8979 0.7017 
2022 9 30 0 0.1315 0.6546 0.8980 0.7018 
2022 9 30 1 0.1315 0.6544 0.8980 0.7020 
2022 9 30 2 0.1315 0.6543 0.8980 0.7021 
2022 9 30 3 0.1314 0.6541 0.8981 0.7023 
2022 9 30 4 0.1314 0.6539 0.8981 0.7024 
2022 9 30 5 0.1313 0.6538 0.8982 0.7026 
2022 9 30 6 0.1313 0.6536 0.8982 0.7027 
2022 9 30 7 0.1312 0.6534 0.8982 0.7029 
2022 9 30 8 0.1311 0.6533 0.8983 0.7030 
2022 9 30 9 0.1310 0.6531 0.8983 0.7031 
2022 9 30 10 0.1309 0.6529 0.8983 0.7033 
2022 9 30 11 0.1308 0.6528 0.8984 0.7034 
2022 9 30 12 0.1306 0.6526 0.8984 0.7036 
2022 9 30 13 0.1305 0.6524 0.8984 0.7037 
2022 9 30 14 0.1304 0.6522 0.8985 0.7038 
2022 9 30 15 0.1302 0.6521 0.8985 0.7040 
2022 9 30 16 0.1300 0.6519 0.8985 0.7041 
2022 9 30 17 0.1298 0.6517 0.8985 0.7042 
2022 9 30 18 0.1297 0.6515 0.8986 0.7044 
2022 9 30 19 0.1295 0.6514 0.8986 0.7045 
2022 9 30 20 0.1293 0.6512 0.8986 0.7046 
2022 9 30 21 0.1291 0.6510 0.8987 0.7048 
2022 9 30 22 0.1289 0.6508 0.8987 0.7049 
2022 9 30 23 0.1287 0.6507 0.8987 0.7050 
2022 10 1 0 0.1286 0.6505 0.8987 0.7052 
2022 10 1 1 0.1284 0.6503 0.8988 0.7053 
2022 10 1 2 0.1282 0.6501 0.8988 0.7054 
2022 10 1 3 0.1280 0.6500 0.8988 0.7056 
2022 10 1 4 0.1279 0.6498 0.8989 0.7057 
2022 10 1 5 0.1278 0.6496 0.8989 0.7058 
2022 10 1 6 0.1279 0.6495 0.8989 0.7060 
2022 10 1 7 0.1283 0.6494 0.8990 0.7062 
2022 10 1 8 0.1291 0.6493 0.8991 0.7065 
2022 10 1 9 0.1302 0.6492 0.8992 0.7068 
2022 10 1 10 0.1315 0.6492 0.8994 0.7071 
2022 10 1 11 0.1329 0.6492 0.8996 0.7074 
2022 10 1 12 0.1344 0.6492 0.8997 0.7078 
2022 10 1 13 0.1360 0.6492 0.8999 0.7081 
2022 10 1 14 0.1376 0.6492 0.9001 0.7085 
2022 10 1 15 0.1392 0.6492 0.9002 0.7089 
2022 10 1 16 0.1408 0.6493 0.9004 0.7092 
2022 10 1 17 0.1424 0.6493 0.9006 0.7096 
2022 10 1 18 0.1439 0.6493 0.9007 0.7099 
2022 10 1 19 0.1454 0.6493 0.9009 0.7103 
2022 10 1 20 0.1469 0.6493 0.9010 0.7106 
2022 10 1 21 0.1483 0.6492 0.9012 0.7109 
2022 10 1 22 0.1497 0.6492 0.9013 0.7112 
2022 10 1 23 0.1510 0.6492 0.9015 0.7115 
2022 10 2 0 0.1524 0.6492 0.9016 0.7118 
2022 10 2 1 0.1537 0.6492 0.9018 0.7121 
2022 10 2 2 0.1550 0.6491 0.9019 0.7124 
2022 10 2 3 0.1564 0.6491 0.9020 0.7127 
2022 10 2 4 0.1577 0.6491 0.9021 0.7130 
2022 10 2 5 0.1591 0.6490 0.9023 0.7132 
2022 10 2 6 0.1604 0.6490 0.9024 0.7135 
2022 10 2 7 0.1618 0.6490 0.9025 0.7138 
2022 10 2 8 0.1632 0.6489 0.9026 0.7140 
2022 10 2 9 0.1646 0.6489 0.9028 0.7143 
2022 10 2 10 0.1660 0.6489 0.9029 0.7146 
2022 10 2 11 0.1674 0.6488 0.9030 0.7148 
2022 10 2 12 0.1688 0.6488 0.9031 0.7151 
2022 10 2 13 0.1703 0.6488 0.9032 0.7153 
2022 10 2 14 0.1717 0.6487 0.9033 0.7156 
2022 10 2 15 0.1731 0.6487 0.9035 0.7158 
2022 10 2 16 0.1745 0.6487 0.9036 0.7160 
2022 10 2 17 0.1759 0.6486 0.9037 0.7163 
2022 10 2 18 0.1772 0.6486 0.9038 0.7165 
2022 10 2 19 0.1786 0.6485 0.9039 0.7168 
2022 10 2 20 0.1799 0.6485 0.9040 0.7170 
2022 10 2 21 0.1812 0.6484 0.9041 0.7172 
2022 10 2 22 0.1825 0.6484 0.9042 0.7174 
2022 10 2 23 0.1837 0.6483 0.9043 0.7177 
2022 10 3 0 0.1849 0.6483 0.9044 0.7179 
2022 10 3 1 0.1861 0.6482 0.9045 0.7181 
2022 10 3 2 0.1872 0.6482 0.9046 0.7183 
2022 10 3 3 0.1883 0.6481 0.9047 0.7185 
2022 10 3 4 0.1894 0.6480 0.9048 0.7187 
2022 10 3 5 0.1905 0.6480 0.9049 0.7189 
2022 10 3 6 0.1916 0.6479 0.9050 0.7191 
2022 10 3 7 0.1927 0.6478 0.9050 0.7194 
2022 10 3 8 0.1938 0.6477 0.9051 0.7196 
2022 10 3 9 0.1948 0.6477 0.9052 0.7198 
2022 10 3 10 0.1959 0.6476 0.9053 0.7200 
2022 10 3 11 0.1969 0.6475 0.9054 0.7202 
2022 10 3 12 0.1979 0.6474 0.9055 0.7203 
2022 10 3 13 0.1989 0.6474 0.9055 0.7205 
2022 10 3 14 0.1999 0.6473 0.9056 0.7207 
2022 10 3 15 0.2009 0.6472 0.9057 0.7209 
2022 10 3 16 0.2019 0.6471 0.9058 0.7211 
2022 10 3 17 0.2028 0.6470 0.9059 0.7213 
2022 10 3 18 0.2038 0.6470 0.9059 0.7215 
2022 10 3 19 0.2048 0.6469 0.9060 0.7217 
2022 10 3 20 0.2058 0.6468 0.9061 0.7218 
2022 10 3 21 0.2067 0.6467 0.9062 0.7220 
2022 10 3 22 0.2077 0.6466 0.9062 0.7222 
2022 10 3 23 0.2086 0.6465 0.9063 0.7224 
2022 10 4 0 0.2096 0.6464 0.9064 0.7225 
2022 10 4 1 0.2106 0.6464 0.9064 0.7227 
2022 10 4 2 0.2115 0.6463 0.9065 0.7229 
2022 10 4 3 0.2125 0.6462 0.9066 0.7231 
2022 10 4 4 0.2135 0.6461 0.9066 0.7232 
2022 10 4 5 0.2145 0.6460 0.9067 0.7234 
2022 10 4 6 0.2155 0.6459 0.9068 0.7236 
2022 10 4 7 0.2165 0.6458 0.9069 0.7237 
2022 10 4 8 0.2174 0.6457 0.9069 0.7239 
2022 10 4 9 0.2184 0.6456 0.9070 0.7240 
2022 10 4 10 0.2194 0.6456 0.9070 0.7242 
2022 10 4 11 0.2203 0.6455 0.9071 0.7244 
2022 10 4 12 0.2213 0.6454 0.9072 0.7245 
2022 10 4 13 0.2223 0.6453 0.9072 0.7247 
2022 10 4 14 0.2232 0.6452 0.9073 0.7248 
2022 10 4 15 0.2242 0.6451 0.9074 0.7250 
2022 10 4 16 0.2252 0.6450 0.9074 0.7251 
2022 10 4 17 0.2262 0.6449 0.9075 0.7253 
2022 10 4 18 0.2272 0.6448 0.9075 0.7255 
2022 10 4 19 0.2282 0.6447 0.9076 0.7256 
2022 10 4 20 0.2292 0.6446 0.9077 0.7258 
2022 10 4 21 0.2303 0.6445 0.9077 0.7259 
2022 10 4 22 0.2313 0.6445 0.9078 0.7260 
2022 10 4 23 0.2324 0.6444 0.9079 0.7262 
2022 10 5 0 0.2335 0.6443 0.9079 0.7263 
2022 10 5 1 0.2346 0.6442 0.9080 0.7265 
2022 10 5 2 0.2358 0.6441 0.9080 0.7266 
2022 10 5 3 0.2371 0.6440 0.9081 0.7268 
2022 10 5 4 0.2383 0.6440 0.9082 0.7269 
2022 10 5 5 0.2397 0.6439 0.9082 0.7271 
2022 10 5 6 0.2410 0.6438 0.9083 0.7272 
2022 10 5 7 0.2424 0.6438 0.9084 0.7274 
2022 10 5 8 0.2438 0.6437 0.9084 0.7275 
2022 10 5 9 0.2453 0.6436 0.9085 0.7276 
2022 10 5 10 0.2468 0.6436 0.9086 0.7278 
2022 10 5 11 0.2483 0.6435 0.9086 0.7279 
2022 10 5 12 0.2498 0.6435 0.9087 0.7281 
2022 10 5 13 0.2515 0.6434 0.9088 0.7282 
2022 10 5 14 0.2533 0.6434 0.9089 0.7284 
2022 10 5 15 0.2553 0.6433 0.9089 0.7285 
2022 10 5 16 0.2578 0.6434 0.9090 0.7287 
2022 10 5 17 0.2611 0.6434 0.9091 0.7288 
2022 10 5 18 0.2658 0.6436 0.9093 0.7290 
2022 10 5 19 0.2724 0.6439 0.9095 0.7292 
2022 10 5 20 0.2809 0.6443 0.9097 0.7293 
2022 10 5 21 0.2908 0.6448 0.9100 0.7295 
2022 10 5 22 0.3014 0.6454 0.9102 0.7297 
2022 10 5 23 0.3123 0.6459 0.9105 0.7299 
2022 10 6 0 0.3230 0.6465 0.9108 0.7301 
2022 10 6 1 0.3335 0.6471 0.9111 0.7303 
2022 10 6 2 0.3434 0.6476 0.9114 0.7305 
2022 10 6 3 0.3529 0.6481 0.9116 0.7307 
2022 10 6 4 0.3619 0.6485 0.9119 0.7308 
2022 10 6 5 0.3702 0.6490 0.9121 0.7310 
2022 10 6 6 0.3778 0.6493 0.9123 0.7312 
2022 10 6 7 0.3849 0.6496 0.9125 0.7314 
2022 10 6 8 0.3913 0.6499 0.9127 0.7316 
2022 10 6 9 0.3972 0.6502 0.9129 0.7318 
2022 10 6 10 0.4025 0.6504 0.9131 0.7320 
2022 10 6 11 0.4074 0.6506 0.9132 0.7322 
2022 10 6 12 0.4119 0.6507 0.9134 0.7323 
2022 10 6 13 0.4160 0.6508 0.9135 0.7325 
2022 10 6 14 0.4198 0.6509 0.9136 0.7327 
2022 10 6 15 0.4233 0.6510 0.9138 0.7329 
2022 10 6 16 0.4265 0.6511 0.9139 0.7331 
2022 10 6 17 0.4295 0.6512 0.9140 0.7333 
2022 10 6 18 0.4323 0.6512 0.9141 0.7334 
2022 10 6 19 0.4349 0.6512 0.9142 0.7336 
2022 10 6 20 0.4374 0.6512 0.9143 0.7338 
2022 10 6 21 0.4397 0.6512 0.9144 0.7340 
2022 10 6 22 0.4418 0.6512 0.9145 0.7342 
2022 10 6 23 0.4439 0.6512 0.9146 0.7343 
2022 10 7 0 0.4458 0.6512 0.9147 0.7345 
2022 10 7 1 0.4477 0.6512 0.9148 0.7347 
2022 10 7 2 0.4494 0.6511 0.9149 0.7349 
2022 10 7 3 0.4511 0.6511 0.9150 0.7351 
2022 10 7 4 0.4527 0.6511 0.9151 0.7352 
2022 10 7 5 0.4542 0.6510 0.9152 0.7354 
2022 10 7 6 0.4557 0.6510 0.9152 0.7356 
2022 10 7 7 0.4571 0.6509 0.9153 0.7358 
2022 10 7 8 0.4584 0.6508 0.9154 0.7359 
2022 10 7 9 0.4597 0.6508 0.9155 0.7361 
2022 10 7 10 0.4610 0.6507 0.9156 0.7363 
2022 10 7 11 0.4623 0.6507 0.9157 0.7365 
2022 10 7 12 0.4635 0.6506 0.9157 0.7367 
2022 10 7 13 0.4648 0.6505 0.9158 0.7369 
2022 10 7 14 0.4661 0.6505 0.9159 0.7371 
2022 10 7 15 0.4675 0.6504 0.9160 0.7373 
2022 10 7 16 0.4688 0.6504 0.9161 0.7376 
2022 10 7 17 0.4702 0.6504 0.9163 0.7378 
2022 10 7 18 0.4716 0.6503 0.9164 0.7380 
2022 10 7 19 0.4730 0.6503 0.9165 0.7383 
2022 10 7 20 0.4744 0.6502 0.9166 0.7385 
2022 10 7 21 0.4759 0.6502 0.9167 0.7388 
2022 10 7 22 0.4773 0.6502 0.9168 0.7390 
2022 10 7 23 0.4786 0.6501 0.9169 0.7393 
2022 10 8 0 0.4800 0.6501 0.9170 0.7395 
2022 10 8 1 0.4813 0.6501 0.9172 0.7398 
2022 10 8 2 0.4827 0.6500 0.9173 0.7400 
2022 10 8 3 0.4839 0.6500 0.9174 0.7402 
2022 10 8 4 0.4852 0.6499 0.9175 0.7405 
2022 10 8 5 0.4864 0.6499 0.9176 0.7407 
2022 10 8 6 0.4876 0.6498 0.9177 0.7409 
2022 10 8 7 0.4887 0.6497 0.9178 0.7412 
2022 10 8 8 0.4898 0.6497 0.9179 0.7414 
2022 10 8 9 0.4909 0.6496 0.9180 0.7416 
2022 10 8 10 0.4919 0.6496 0.9181 0.7418 
2022 10 8 11 0.4930 0.6495 0.9182 0.7421 
2022 10 8 12 0.4940 0.6494 0.9183 0.7423 
2022 10 8 13 0.4949 0.6493 0.9184 0.7425 
2022 10 8 14 0.4959 0.6493 0.9184 0.7427 
2022 10 8 15 0.4968 0.6492 0.9185 0.7429 
2022 10 8 16 0.4977 0.6491 0.9186 0.7431 
2022 10 8 17 0.4985 0.6490 0.9187 0.7434 
2022 10 8 18 0.4994 0.6489 0.9188 0.7436 
2022 10 8 19 0.5002 0.6488 0.9189 0.7438 
2022 10 8 20 0.5011 0.6488 0.9190 0.7440 
2022 10 8 21 0.5019 0.6487 0.9190 0.7442 
2022 10 8 22 0.5027 0.6486 0.9191 0.7444 
2022 10 8 23 0.5034 0.6485 0.9192 0.7446 
2022 10 9 0 0.5042 0.6484 0.9193 0.7448 
2022 10 9 1 0.5049 0.6483 0.9194 0.7450 
2022 10 9 2 0.5057 0.6482 0.9194 0.7452 
2022 10 9 3 0.5064 0.6481 0.9195 0.7454 
2022 10 9 4 0.5071 0.6480 0.9196 0.7456 
2022 10 9 5 0.5077 0.6479 0.9197 0.7457 
2022 10 9 6 0.5084 0.6478 0.9197 0.7459 
2022 10 9 7 0.5090 0.6477 0.9198 0.7461 
2022 10 9 8 0.5096 0.6476 0.9199 0.7463 
2022 10 9 9 0.5102 0.6475 0.9199 0.7465 
2022 10 9 10 0.5108 0.6474 0.9200 0.7467 
2022 10 9 11 0.5113 0.6473 0.9201 0.7469 
2022 10 9 12 0.5118 0.6471 0.9201 0.7470 
2022 10 9 13 0.5123 0.6470 0.9202 0.7472 
2022 10 9 14 0.5128 0.6469 0.9203 0.7474 
2022 10 9 15 0.5133 0.6468 0.9203 0.7476 
2022 10 9 16 0.5137 0.6467 0.9204 0.7477 
2022 10 9 17 0.5142 0.6465 0.9204 0.7479 
2022 10 9 18 0.5146 0.6464 0.9205 0.7481 
2022 10 9 19 0.5150 0.6463 0.9206 0.7483 
2022 10 9 20 0.5154 0.6462 0.9206 0.7484 
2022 10 9 21 0.5158 0.6460 0.9207 0.7486 
2022 10 9 22 0.5161 0.6459 0.9207 0.7488 
2022 10 9 23 0.5165 0.6458 0.9208 0.7489 
2022 10 10 0 0.5168 0.6456 0.9208 0.7491 
2022 10 10 1 0.5172 0.6455 0.9209 0.7493 
2022 10 10 2 0.5175 0.6454 0.9209 0.7494 
2022 10 10 3 0.5178 0.6452 0.9210 0.7496 
2022 10 10 4 0.5182 0.6451 0.9210 0.7498 
2022 10 10 5 0.5185 0.6450 0.9211 0.7499 
2022 10 10 6 0.5188 0.6448 0.9211 0.7501 
2022 10 10 7 0.5191 0.6447 0.9212 0.7502 
2022 10 10 8 0.5193 0.6446 0.9212 0.7504 
2022 10 10 9 0.5196 0.6444 0.9213 0.7505 
2022 10 10 10 0.5198 0.6443 0.9213 0.7507 
2022 10 10 11 0.5200 0.6441 0.9214 0.7509 
2022 10 10 12 0.5203 0.6440 0.9214 0.7510 
2022 10 10 13 0.5206 0.6439 0.9215 0.7512 
2022 10 10 14 0.5208 0.6437 0.9215 0.7513 
2022 10 10 15 0.5211 0.6436 0.9216 0.7515 
2022 10 10 16 0.5214 0.6434 0.9216 0.7517 
2022 10 10 17 0.5217 0.6433 0.9217 0.7518 
2022 10 10 18 0.5220 0.6432 0.9218 0.7520 
2022 10 10 19 0.5223 0.6431 0.9218 0.7522 
2022 10 10 20 0.5226 0.6429 0.9219 0.7524 
2022 10 10 21 0.5229 0.6428 0.9219 0.7525 
2022 10 10 22 0.5232 0.6427 0.9220 0.7527 
2022 10 10 23 0.5235 0.6425 0.9220 0.7529 
2022 10 11 0 0.5238 0.6424 0.9221 0.7531 
2022 10 11 1 0.5241 0.6423 0.9222 0.7532 
2022 10 11 2 0.5244 0.6421 0.9222 0.7534 
2022 10 11 3 0.5247 0.6420 0.9223 0.7536 
2022 10 11 4 0.5250 0.6419 0.9223 0.7537 
2022 10 11 5 0.5253 0.6417 0.9224 0.7539 
2022 10 11 6 0.5255 0.6416 0.9224 0.7541 
2022 10 11 7 0.5258 0.6415 0.9225 0.7542 
2022 10 11 8 0.5260 0.6413 0.9225 0.7544 
2022 10 11 9 0.5263 0.6412 0.9226 0.7546 
2022 10 11 10 0.5265 0.6410 0.9226 0.7547 
2022 10 11 11 0.5267 0.6409 0.9227 0.7549 
2022 10 11 12 0.5270 0.6408 0.9227 0.7551 
2022 10 11 13 0.5272 0.6406 0.9228 0.7552 
2022 10 11 14 0.5274 0.6405 0.9228 0.7554 
2022 10 11 15 0.5275 0.6403 0.9229 0.7555 
2022 10 11 16 0.5277 0.6402 0.9229 0.7557 
2022 10 11 17 0.5279 0.6400 0.9230 0.7559 
2022 10 11 18 0.5281 0.6399 0.9230 0.7560 
2022 10 11 19 0.5282 0.6397 0.9231 0.7562 
2022 10 11 20 0.5284 0.6396 0.9231 0.7563 
2022 10 11 21 0.5285 0.6394 0.9232 0.7565 
2022 10 11 22 0.5286 0.6393 0.9232 0.7566 
2022 10 11 23 0.5288 0.6391 0.9232 0.7568 
2022 10 12 0 0.5289 0.6390 0.9233 0.7569 
2022 10 12 1 0.5290 0.6388 0.9233 0.7571 
2022 10 12 2 0.5291 0.6387 0.9234 0.7572 
2022 10 12 3 0.5292 0.6385 0.9234 0.7574 
2022 10 12 4 0.5292 0.6384 0.9234 0.7575 
2022 10 12 5 0.5293 0.6382 0.9235 0.7577 
2022 10 12 6 0.5294 0.6381 0.9235 0.7578 
2022 10 12 7 0.5294 0.6379 0.9236 0.7580 
2022 10 12 8 0.5295 0.6378 0.9236 0.7581 
2022 10 12 9 0.5295 0.6376 0.9236 0.7582 
2022 10 12 10 0.5295 0.6374 0.9237 0.7584 
2022 10 12 11 0.5295 0.6373 0.9237 0.7585 
2022 10 12 12 0.5295 0.6371 0.9237 0.7587 
2022 10 12 13 0.5295 0.6369 0.9238 0.7588 
2022 10 12 14 0.5295 0.6368 0.9238 0.7589 
2022 10 12 15 0.5294 0.6366 0.9238 0.7591 
2022 10 12 16 0.5294 0.6364 0.9239 0.7592 
2022 10 12 17 0.5293 0.6363 0.9239 0.7594 
2022 10 12 18 0.5293 0.6361 0.9239 0.7595 
2022 10 12 19 0.5292 0.6359 0.9240 0.7596 
2022 10 12 20 0.5291 0.6358 0.9240 0.7598 
2022 10 12 21 0.5290 0.6356 0.9240 0.7599 
2022 10 12 22 0.5289 0.6354 0.9241 0.7600 
2022 10 12 23 0.5288 0.6353 0.9241 0.7602 
2022 10 13 0 0.5287 0.6351 0.9241 0.7603 
2022 10 13 1 0.5286 0.6349 0.9241 0.7604 
2022 10 13 2 0.5285 0.6347 0.9242 0.7606 
2022 10 13 3 0.5284 0.6346 0.9242 0.7607 
2022 10 13 4 0.5282 0.6344 0.9242 0.7608 
2022 10 13 5 0.5281 0.6342 0.9243 0.7610 
2022 10 13 6 0.5280 0.6341 0.9243 0.7611 
2022 10 13 7 0.5278 0.6339 0.9243 0.7612 
2022 10 13 8 0.5277 0.6337 0.9244 0.7614 
2022 10 13 9 0.5276 0.6335 0.9244 0.7615 
2022 10 13 10 0.5275 0.6334 0.9244 0.7616 
2022 10 13 11 0.5274 0.6332 0.9244 0.7618 
2022 10 13 12 0.5272 0.6330 0.9245 0.7619 
2022 10 13 13 0.5271 0.6328 0.9245 0.7620 
2022 10 13 14 0.5270 0.6327 0.9245 0.7622 
2022 10 13 15 0.5268 0.6325 0.9246 0.7623 
2022 10 13 16 0.5267 0.6323 0.9246 0.7624 
2022 10 13 17 0.5265 0.6322 0.9246 0.7626 
2022 10 13 18 0.5264 0.6320 0.9247 0.7627 
2022 10 13 19 0.5262 0.6318 0.9247 0.7629 
2022 10 13 20 0.5260 0.6316 0.9247 0.7630 
2022 10 13 21 0.5258 0.6315 0.9247 0.7631 
2022 10 13 22 0.5256 0.6313 0.9248 0.7633 
2022 10 13 23 0.5254 0.6311 0.9248 0.7634 
2022 10 14 0 0.5252 0.6309 0.9248 0.7635 
2022 10 14 1 0.5250 0.6307 0.9248 0.7636 
2022 10 14 2 0.5248 0.6306 0.9249 0.7638 
2022 10 14 3 0.5246 0.6304 0.9249 0.7639 
2022 10 14 4 0.5243 0.6302 0.9249 0.7640 
2022 10 14 5 0.5241 0.6300 0.9249 0.7642 
2022 10 14 6 0.5238 0.6298 0.9250 0.7643 
2022 10 14 7 0.5236 0.6296 0.9250 0.7644 
2022 10 14 8 0.5233 0.6295 0.9250 0.7645 
2022 10 14 9 0.5230 0.6293 0.9250 0.7647 
2022 10 14 10 0.5227 0.6291 0.9251 0.7648 
2022 10 14 11 0.5224 0.6289 0.9251 0.7649 
2022 10 14 12 0.5221 0.6287 0.9251 0.7650 
2022 10 14 13 0.5218 0.6285 0.9251 0.7651 
2022 10 14 14 0.5214 0.6283 0.9251 0.7653 
2022 10 14 15 0.5211 0.6281 0.9251 0.7654 
2022 10 14 16 0.5208 0.6279 0.9252 0.7655 
2022 10 14 17 0.5205 0.6278 0.9252 0.7656 
2022 10 14 18 0.5201 0.6276 0.9252 0.7657 
2022 10 14 19 0.5198 0.6274 0.9252 0.7659 
2022 10 14 20 0.5194 0.6272 0.9252 0.7660 
2022 10 14 21 0.5191 0.6270 0.9253 0.7661 
2022 10 14 22 0.5188 0.6268 0.9253 0.7662 
2022 10 14 23 0.5184 0.6266 0.9253 0.7663 
2022 10 15 0 0.5182 0.6264 0.9253 0.7665 
2022 10 15 1 0.5181 0.6263 0.9254 0.7666 
2022 10 15 2 0.5181 0.6261 0.9254 0.7668 
2022 10 15 3 0.5183 0.6260 0.9255 0.7670 
2022 10 15 4 0.5187 0.6259 0.9256 0.7672 
2022 10 15 5 0.5190 0.6257 0.9256 0.7674 
2022 10 15 6 0.5193 0.6256 0.9257 0.7676 
2022 10 15 7 0.5197 0.6255 0.9258 0.7678 
2022 10 15 8 0.5200 0.6254 0.9259 0.7681 
2022 10 15 9 0.5204 0.6253 0.9259 0.7683 
2022 10 15 10 0.5207 0.6252 0.9260 0.7685 
2022 10 15 11 0.5210 0.6250 0.9261 0.7687 
2022 10 15 12 0.5212 0.6249 0.9262 0.7689 
2022 10 15 13 0.5215 0.6248 0.9262 0.7691 
2022 10 15 14 0.5217 0.6247 0.9263 0.7693 
2022 10 15 15 0.5218 0.6245 0.9263 0.7695 
2022 10 15 16 0.5220 0.6244 0.9264 0.7697 
2022 10 15 17 0.5221 0.6242 0.9265 0.7699 
2022 10 15 18 0.5223 0.6241 0.9265 0.7701 
2022 10 15 19 0.5226 0.6240 0.9266 0.7703 
2022 10 15 20 0.5230 0.6239 0.9267 0.7705 
2022 10 15 21 0.5234 0.6238 0.9268 0.7707 
2022 10 15 22 0.5238 0.6237 0.9269 0.7709 
2022 10 15 23 0.5243 0.6236 0.9269 0.7712 
2022 10 16 0 0.5247 0.6234 0.9270 0.7714 
2022 10 16 1 0.5252 0.6233 0.9271 0.7716 
2022 10 16 2 0.5256 0.6232 0.9272 0.7719 
2022 10 16 3 0.5260 0.6231 0.9273 0.7721 
2022 10 16 4 0.5265 0.6230 0.9274 0.7723 
2022 10 16 5 0.5269 0.6229 0.9275 0.7725 
2022 10 16 6 0.5272 0.6228 0.9275 0.7728 
2022 10 16 7 0.5276 0.6227 0.9276 0.7730 
2022 10 16 8 0.5280 0.6226 0.9277 0.7732 
2022 10 16 9 0.5283 0.6225 0.9278 0.7734 
2022 10 16 10 0.5287 0.6223 0.9279 0.7737 
2022 10 16 11 0.5290 0.6222 0.9279 0.7739 
2022 10 16 12 0.5295 0.6221 0.9280 0.7741 
2022 10 16 13 0.5300 0.6220 0.9281 0.7744 
2022 10 16 14 0.5305 0.6219 0.9282 0.7746 
2022 10 16 15 0.5311 0.6218 0.9283 0.7749 
2022 10 16 16 0.5317 0.6218 0.9284 0.7751 
2022 10 16 17 0.5323 0.6217 0.9285 0.7754 
2022 10 16 18 0.5330 0.6216 0.9286 0.7756 
2022 10 16 19 0.5336 0.6215 0.9287 0.7759 
2022 10 16 20 0.5343 0.6214 0.9288 0.7761 
2022 10 16 21 0.5349 0.6213 0.9289 0.7764 
2022 10 16 22 0.5355 0.6213 0.9290 0.7767 
2022 10 16 23 0.5361 0.6212 0.9292 0.7769 
2022 10 17 0 0.5367 0.6211 0.9293 0.7772 
2022 10 17 1 0.5372 0.6210 0.9293 0.7774 
2022 10 17 2 0.5378 0.6209 0.9294 0.7777 
2022 10 17 3 0.5383 0.6208 0.9295 0.7779 
2022 10 17 4 0.5388 0.6207 0.9296 0.7782 
2022 10 17 5 0.5392 0.6206 0.9297 0.7784 
2022 10 17 6 0.5397 0.6205 0.9298 0.7786 
2022 10 17 7 0.5401 0.6204 0.9299 0.7789 
2022 10 17 8 0.5405 0.6203 0.9300 0.7791 
2022 10 17 9 0.5409 0.6202 0.9301 0.7793 
2022 10 17 10 0.5413 0.6201 0.9302 0.7795 
2022 10 17 11 0.5416 0.6199 0.9302 0.7798 
2022 10 17 12 0.5419 0.6198 0.9303 0.7800 
2022 10 17 13 0.5422 0.6197 0.9304 0.7802 
2022 10 17 14 0.5425 0.6196 0.9305 0.7804 
2022 10 17 15 0.5428 0.6195 0.9306 0.7806 
2022 10 17 16 0.5431 0.6194 0.9306 0.7809 
2022 10 17 17 0.5434 0.6192 0.9307 0.7811 
2022 10 17 18 0.5437 0.6191 0.9308 0.7813 
2022 10 17 19 0.5440 0.6190 0.9309 0.7815 
2022 10 17 20 0.5443 0.6189 0.9309 0.7817 
2022 10 17 21 0.5446 0.6188 0.9310 0.7820 
2022 10 17 22 0.5450 0.6186 0.9311 0.7822 
2022 10 17 23 0.5453 0.6185 0.9312 0.7824 
2022 10 18 0 0.5456 0.6184 0.9313 0.7826 
2022 10 18 1 0.5459 0.6183 0.9313 0.7829 
2022 10 18 2 0.5462 0.6182 0.9314 0.7831 
2022 10 18 3 0.5465 0.6181 0.9315 0.7833 
2022 10 18 4 0.5468 0.6179 0.9316 0.7835 
2022 10 18 5 0.5471 0.6178 0.9317 0.7837 
2022 10 18 6 0.5473 0.6177 0.9317 0.7840 
2022 10 18 7 0.5476 0.6176 0.9318 0.7842 
2022 10 18 8 0.5479 0.6175 0.9319 0.7844 
2022 10 18 9 0.5482 0.6173 0.9320 0.7846 
2022 10 18 10 0.5485 0.6172 0.9320 0.7848 
2022 10 18 11 0.5488 0.6171 0.9321 0.7851 
2022 10 18 12 0.5491 0.6170 0.9322 0.7853 
2022 10 18 13 0.5494 0.6169 0.9323 0.7855 
2022 10 18 14 0.5497 0.6168 0.9324 0.7857 
2022 10 18 15 0.5500 0.6166 0.9324 0.7859 
2022 10 18 16 0.5503 0.6165 0.9325 0.7862 
2022 10 18 17 0.5506 0.6164 0.9326 0.7864 
2022 10 18 18 0.5509 0.6163 0.9327 0.7866 
2022 10 18 19 0.5511 0.6162 0.9328 0.7868 
2022 10 18 20 0.5514 0.6160 0.9328 0.7870 
2022 10 18 21 0.5516 0.6159 0.9329 0.7873 
2022 10 18 22 0.5518 0.6158 0.9330 0.7875 
2022 10 18 23 0.5520 0.6157 0.9331 0.7877 
2022 10 19 0 0.5522 0.6155 0.9331 0.7879 
2022 10 19 1 0.5524 0.6154 0.9332 0.7881 
2022 10 19 2 0.5526 0.6153 0.9333 0.7883 
2022 10 19 3 0.5527 0.6151 0.9333 0.7885 
2022 10 19 4 0.5529 0.6150 0.9334 0.7887 
2022 10 19 5 0.5530 0.6149 0.9335 0.7889 
2022 10 19 6 0.5532 0.6147 0.9335 0.7891 
2022 10 19 7 0.5533 0.6146 0.9336 0.7893 
2022 10 19 8 0.5534 0.6145 0.9337 0.7895 
2022 10 19 9 0.5535 0.6143 0.9337 0.7897 
2022 10 19 10 0.5535 0.6142 0.9338 0.7899 
2022 10 19 11 0.5536 0.6140 0.9338 0.7901 
2022 10 19 12 0.5537 0.6139 0.9339 0.7903 
2022 10 19 13 0.5537 0.6138 0.9340 0.7905 
2022 10 19 14 0.5537 0.6136 0.9340 0.7907 
2022 10 19 15 0.5538 0.6135 0.9341 0.7908 
2022 10 19 16 0.5538 0.6133 0.9341 0.7910 
2022 10 19 17 0.5538 0.6132 0.9342 0.7912 
2022 10 19 18 0.5538 0.6130 0.9343 0.7914 
2022 10 19 19 0.5538 0.6129 0.9343 0.7916 
2022 10 19 20 0.5538 0.6127 0.9344 0.7918 
2022 10 19 21 0.5537 0.6126 0.9344 0.7919 
2022 10 19 22 0.5537 0.6124 0.9345 0.7921 
2022 10 19 23 0.5536 0.6123 0.9345 0.7923 
2022 10 20 0 0.5536 0.6121 0.9346 0.7925 
2022 10 20 1 0.5535 0.6119 0.9346 0.7927 
2022 10 20 2 0.5534 0.6118 0.9347 0.7928 
2022 10 20 3 0.5533 0.6116 0.9347 0.7930 
2022 10 20 4 0.5532 0.6115 0.9348 0.7932 
2022 10 20 5 0.5531 0.6113 0.9348 0.7933 
2022 10 20 6 0.5529 0.6111 0.9349 0.7935 
2022 10 20 7 0.5528 0.6110 0.9349 0.7937 
2022 10 20 8 0.5526 0.6108 0.9349 0.7938 
2022 10 20 9 0.5525 0.6106 0.9350 0.7940 
2022 10 20 10 0.5523 0.6105 0.9350 0.7942 
2022 10 20 11 0.5521 0.6103 0.9351 0.7943 
2022 10 20 12 0.5519 0.6101 0.9351 0.7945 
2022 10 20 13 0.5517 0.6100 0.9352 0.7947 
2022 10 20 14 0.5515 0.6098 0.9352 0.7948 
2022 10 20 15 0.5513 0.6096 0.9352 0.7950 
2022 10 20 16 0.5511 0.6095 0.9353 0.7951 
2022 10 20 17 0.5509 0.6093 0.9353 0.7953 
2022 10 20 18 0.5506 0.6091 0.9354 0.7955 
2022 10 20 19 0.5504 0.6089 0.9354 0.7956 
2022 10 20 20 0.5502 0.6088 0.9354 0.7958 
2022 10 20 21 0.5499 0.6086 0.9355 0.7959 
2022 10 20 22 0.5496 0.6084 0.9355 0.7961 
2022 10 20 23 0.5494 0.6082 0.9355 0.7962 
2022 10 21 0 0.5491 0.6081 0.9356 0.7964 
2022 10 21 1 0.5488 0.6079 0.9356 0.7965 
2022 10 21 2 0.5486 0.6077 0.9356 0.7967 
2022 10 21 3 0.5483 0.6075 0.9357 0.7968 
2022 10 21 4 0.5480 0.6074 0.9357 0.7970 
2022 10 21 5 0.5477 0.6072 0.9357 0.7971 
2022 10 21 6 0.5474 0.6070 0.9358 0.7972 
2022 10 21 7 0.5471 0.6068 0.9358 0.7974 
2022 10 21 8 0.5468 0.6066 0.9358 0.7975 
2022 10 21 9 0.5465 0.6064 0.9358 0.7977 
2022 10 21 10 0.5462 0.6063 0.9359 0.7978 
2022 10 21 11 0.5458 0.6061 0.9359 0.7980 
2022 10 21 12 0.5455 0.6059 0.9359 0.7981 
2022 10 21 13 0.5452 0.6057 0.9360 0.7982 
2022 10 21 14 0.5448 0.6055 0.9360 0.7984 
2022 10 21 15 0.5445 0.6053 0.9360 0.7985 
2022 10 21 16 0.5442 0.6051 0.9360 0.7987 
2022 10 21 17 0.5438 0.6050 0.9361 0.7988 
2022 10 21 18 0.5435 0.6048 0.9361 0.7989 
2022 10 21 19 0.5431 0.6046 0.9361 0.7991 
2022 10 21 20 0.5427 0.6044 0.9361 0.7992 
2022 10 21 21 0.5424 0.6042 0.9362 0.7993 
2022 10 21 22 0.5420 0.6040 0.9362 0.7995 
2022 10 21 23 0.5416 0.6038 0.9362 0.7996 
2022 10 22 0 0.5413 0.6036 0.9362 0.7997 
2022 10 22 1 0.5409 0.6035 0.9363 0.7999 
2022 10 22 2 0.5405 0.6033 0.9363 0.8000 
2022 10 22 3 0.5401 0.6031 0.9363 0.8001 
2022 10 22 4 0.5397 0.6029 0.9363 0.8002 
2022 10 22 5 0.5394 0.6027 0.9363 0.8004 
2022 10 22 6 0.5390 0.6025 0.9364 0.8005 
2022 10 22 7 0.5386 0.6023 0.9364 0.8006 
2022 10 22 8 0.5382 0.6021 0.9364 0.8008 
2022 10 22 9 0.5377 0.6019 0.9364 0.8009 
2022 10 22 10 0.5373 0.6017 0.9364 0.8010 
2022 10 22 11 0.5369 0.6015 0.9365 0.8011 
2022 10 22 12 0.5365 0.6013 0.9365 0.8012 
2022 10 22 13 0.5361 0.6011 0.9365 0.8014 
2022 10 22 14 0.5357 0.6009 0.9365 0.8015 
2022 10 22 15 0.5352 0.6007 0.9365 0.8016 
2022 10 22 16 0.5348 0.6005 0.9366 0.8017 
2022 10 22 17 0.5344 0.6003 0.9366 0.8019 
2022 10 22 18 0.5340 0.6002 0.9366 0.8020 
2022 10 22 19 0.5337 0.6000 0.9366 0.8021 
2022 10 22 20 0.5333 0.5998 0.9366 0.8022 
2022 10 22 21 0.5331 0.5996 0.9366 0.8023 
2022 10 22 22 0.5329 0.5994 0.9367 0.8025 
2022 10 22 23 0.5327 0.5992 0.9367 0.8026 
2022 10 23 0 0.5327 0.5991 0.9367 0.8027 
2022 10 23 1 0.5327 0.5989 0.9367 0.8028 
2022 10 23 2 0.5328 0.5987 0.9368 0.8029 
2022 10 23 3 0.5330 0.5986 0.9368 0.8030 
2022 10 23 4 0.5334 0.5984 0.9368 0.8032 
2022 10 23 5 0.5337 0.5983 0.9369 0.8033 
2022 10 23 6 0.5342 0.5981 0.9369 0.8034 
2022 10 23 7 0.5347 0.5980 0.9369 0.8035 
2022 10 23 8 0.5353 0.5979 0.9370 0.8036 
2022 10 23 9 0.5359 0.5977 0.9370 0.8037 
2022 10 23 10 0.5366 0.5976 0.9370 0.8038 
2022 10 23 11 0.5373 0.5975 0.9371 0.8040 
2022 10 23 12 0.5381 0.5974 0.9371 0.8041 
2022 10 23 13 0.5388 0.5973 0.9371 0.8042 
2022 10 23 14 0.5396 0.5971 0.9372 0.8043 
2022 10 23 15 0.5404 0.5970 0.9372 0.8044 
2022 10 23 16 0.5412 0.5969 0.9373 0.8045 
2022 10 23 17 0.5421 0.5968 0.9373 0.8046 
2022 10 23 18 0.5430 0.5967 0.9373 0.8047 
2022 10 23 19 0.5441 0.5966 0.9374 0.8048 
2022 10 23 20 0.5452 0.5965 0.9374 0.8050 
2022 10 23 21 0.5464 0.5964 0.9375 0.8051 
2022 10 23 22 0.5478 0.5963 0.9375 0.8052 
2022 10 23 23 0.5493 0.5962 0.9376 0.8053 
2022 10 24 0 0.5509 0.5962 0.9376 0.8054 
2022 10 24 1 0.5526 0.5961 0.9377 0.8055 
2022 10 24 2 0.5543 0.5961 0.9377 0.8056 
2022 10 24 3 0.5560 0.5960 0.9378 0.8057 
2022 10 24 4 0.5578 0.5960 0.9378 0.8058 
2022 10 24 5 0.5595 0.5959 0.9379 0.8059 
2022 10 24 6 0.5612 0.5958 0.9380 0.8060 
2022 10 24 7 0.5629 0.5958 0.9380 0.8061 
2022 10 24 8 0.5644 0.5957 0.9381 0.8062 
2022 10 24 9 0.5660 0.5956 0.9381 0.8063 
2022 10 24 10 0.5674 0.5956 0.9382 0.8064 
2022 10 24 11 0.5688 0.5955 0.9382 0.8066 
2022 10 24 12 0.5702 0.5954 0.9383 0.8067 
2022 10 24 13 0.5715 0.5953 0.9383 0.8068 
2022 10 24 14 0.5728 0.5952 0.9384 0.8069 
2022 10 24 15 0.5740 0.5952 0.9384 0.8070 
2022 10 24 16 0.5751 0.5951 0.9385 0.8072 
2022 10 24 17 0.5762 0.5950 0.9385 0.8073 
2022 10 24 18 0.5773 0.5949 0.9386 0.8074 
2022 10 24 19 0.5783 0.5948 0.9386 0.8075 
2022 10 24 20 0.5793 0.5947 0.9387 0.8077 
2022 10 24 21 0.5802 0.5946 0.9387 0.8078 
2022 10 24 22 0.5810 0.5945 0.9388 0.8079 
2022 10 24 23 0.5818 0.5944 0.9388 0.8081 
2022 10 25 0 0.5827 0.5943 0.9389 0.8082 
2022 10 25 1 0.5834 0.5941 0.9389 0.8083 
2022 10 25 2 0.5842 0.5940 0.9390 0.8085 
2022 10 25 3 0.5849 0.5939 0.9390 0.8086 
2022 10 25 4 0.5857 0.5938 0.9391 0.8088 
2022 10 25 5 0.5864 0.5937 0.9391 0.8089 
2022 10 25 6 0.5871 0.5936 0.9392 0.8090 
2022 10 25 7 0.5877 0.5935 0.9392 0.8092 
2022 10 25 8 0.5884 0.5933 0.9393 0.8093 
2022 10 25 9 0.5891 0.5932 0.9393 0.8095 
2022 10 25 10 0.5897 0.5931 0.9394 0.8096 
2022 10 25 11 0.5904 0.5930 0.9394 0.8098 
2022 10 25 12 0.5910 0.5929 0.9395 0.8099 
2022 10 25 13 0.5916 0.5928 0.9395 0.8101 
2022 10 25 14 0.5922 0.5926 0.9396 0.8102 
2022 10 25 15 0.5928 0.5925 0.9396 0.8104 
2022 10 25 16 0.5934 0.5924 0.9397 0.8105 
2022 10 25 17 0.5939 0.5923 0.9398 0.8107 
2022 10 25 18 0.5944 0.5922 0.9398 0.8108 
2022 10 25 19 0.5950 0.5920 0.9399 0.8110 
2022 10 25 20 0.5955 0.5919 0.9399 0.8111 
2022 10 25 21 0.5959 0.5918 0.9400 0.8113 
2022 10 25 22 0.5964 0.5917 0.9400 0.8114 
2022 10 25 23 0.5969 0.5915 0.9400 0.8116 
2022 10 26 0 0.5974 0.5914 0.9401 0.8117 
2022 10 26 1 0.5979 0.5913 0.9401 0.8119 
2022 10 26 2 0.5984 0.5911 0.9402 0.8120 
2022 10 26 3 0.5991 0.5910 0.9402 0.8122 
2022 10 26 4 0.6003 0.5909 0.9403 0.8123 
2022 10 26 5 0.6020 0.5909 0.9404 0.8124 
2022 10 26 6 0.6043 0.5909 0.9405 0.8126 
2022 10 26 7 0.6075 0.5909 0.9405 0.8127 
2022 10 26 8 0.6115 0.5910 0.9407 0.8128 
2022 10 26 9 0.6164 0.5912 0.9408 0.8130 
2022 10 26 10 0.6218 0.5914 0.9409 0.8131 
2022 10 26 11 0.6274 0.5916 0.9411 0.8132 
2022 10 26 12 0.6330 0.5918 0.9412 0.8134 
2022 10 26 13 0.6386 0.5920 0.9414 0.8135 
2022 10 26 14 0.6439 0.5922 0.9415 0.8136 
2022 10 26 15 0.6490 0.5924 0.9417 0.8138 
2022 10 26 16 0.6538 0.5926 0.9418 0.8139 
2022 10 26 17 0.6582 0.5927 0.9419 0.8140 
2022 10 26 18 0.6624 0.5928 0.9420 0.8142 
2022 10 26 19 0.6662 0.5929 0.9421 0.8143 
2022 10 26 20 0.6698 0.5930 0.9423 0.8144 
2022 10 26 21 0.6731 0.5930 0.9424 0.8145 
2022 10 26 22 0.6762 0.5931 0.9424 0.8147 
2022 10 26 23 0.6790 0.5931 0.9425 0.8148 
2022 10 27 0 0.6816 0.5931 0.9426 0.8149 
2022 10 27 1 0.6841 0.5931 0.9427 0.8150 
2022 10 27 2 0.6863 0.5931 0.9428 0.8152 
2022 10 27 3 0.6885 0.5931 0.9429 0.8153 
2022 10 27 4 0.6904 0.5930 0.9429 0.8154 
2022 10 27 5 0.6923 0.5930 0.9430 0.8156 
2022 10 27 6 0.6941 0.5930 0.9431 0.8157 
2022 10 27 7 0.6957 0.5929 0.9431 0.8158 
2022 10 27 8 0.6972 0.5928 0.9432 0.8160 
2022 10 27 9 0.6987 0.5928 0.9433 0.8161 
2022 10 27 10 0.7000 0.5927 0.9433 0.8162 
2022 10 27 11 0.7013 0.5926 0.9434 0.8164 
2022 10 27 12 0.7026 0.5925 0.9434 0.8165 
2022 10 27 13 0.7037 0.5925 0.9435 0.8166 
2022 10 27 14 0.7048 0.5924 0.9435 0.8167 
2022 10 27 15 0.7058 0.5923 0.9436 0.8169 
2022 10 27 16 0.7068 0.5922 0.9436 0.8170 
2022 10 27 17 0.7077 0.5921 0.9437 0.8171 
2022 10 27 18 0.7086 0.5919 0.9437 0.8173 
2022 10 27 19 0.7094 0.5918 0.9438 0.8174 
2022 10 27 20 0.7102 0.5917 0.9438 0.8175 
2022 10 27 21 0.7109 0.5916 0.9439 0.8176 
2022 10 27 22 0.7117 0.5915 0.9439 0.8178 
2022 10 27 23 0.7124 0.5914 0.9439 0.8179 
2022 10 28 0 0.7131 0.5912 0.9440 0.8180 
2022 10 28 1 0.7137 0.5911 0.9440 0.8181 
2022 10 28 2 0.7144 0.5910 0.9441 0.8182 
2022 10 28 3 0.7150 0.5909 0.9441 0.8184 
2022 10 28 4 0.7156 0.5907 0.9441 0.8185 
2022 10 28 5 0.7162 0.5906 0.9442 0.8186 
2022 10 28 6 0.7168 0.5905 0.9442 0.8187 
2022 10 28 7 0.7174 0.5904 0.9443 0.8188 
2022 10 28 8 0.7180 0.5902 0.9443 0.8190 
2022 10 28 9 0.7186 0.5901 0.9443 0.8191 
2022 10 28 10 0.7192 0.5900 0.9444 0.8192 
2022 10 28 11 0.7199 0.5899 0.9444 0.8193 
2022 10 28 12 0.7206 0.5897 0.9444 0.8194 
2022 10 28 13 0.7213 0.5896 0.9445 0.8196 
2022 10 28 14 0.7220 0.5895 0.9445 0.8197 
2022 10 28 15 0.7228 0.5894 0.9446 0.8198 
2022 10 28 16 0.7236 0.5893 0.9446 0.8199 
2022 10 28 17 0.7243 0.5891 0.9446 0.8200 
2022 10 28 18 0.7251 0.5890 0.9447 0.8201 
2022 10 28 19 0.7260 0.5889 0.9447 0.8202 
2022 10 28 20 0.7268 0.5888 0.9448 0.8204 
2022 10 28 21 0.7276 0.5887 0.9448 0.8205 
2022 10 28 22 0.7284 0.5886 0.9448 0.8206 
2022 10 28 23 0.7293 0.5885 0.9449 0.8207 
2022 10 29 0 0.7301 0.5883 0.9449 0.8208 
2022 10 29 1 0.7310 0.5882 0.9450 0.8210 
2022 10 29 2 0.7318 0.5881 0.9450 0.8211 
2022 10 29 3 0.7326 0.5880 0.9451 0.8212 
2022 10 29 4 0.7333 0.5879 0.9451 0.8213 
2022 10 29 5 0.7341 0.5878 0.9452 0.8215 
2022 10 29 6 0.7349 0.5877 0.9452 0.8216 
2022 10 29 7 0.7357 0.5876 0.9453 0.8217 
2022 10 29 8 0.7366 0.5874 0.9453 0.8219 
2022 10 29 9 0.7374 0.5873 0.9453 0.8220 
2022 10 29 10 0.7383 0.5872 0.9454 0.8221 
2022 10 29 11 0.7393 0.5871 0.9454 0.8222 
2022 10 29 12 0.7403 0.5870 0.9455 0.8224 
2022 10 29 13 0.7414 0.5869 0.9455 0.8225 
2022 10 29 14 0.7426 0.5868 0.9456 0.8226 
2022 10 29 15 0.7438 0.5868 0.9457 0.8227 
2022 10 29 16 0.7452 0.5867 0.9457 0.8229 
2022 10 29 17 0.7466 0.5866 0.9458 0.8230 
2022 10 29 18 0.7480 0.5865 0.9458 0.8231 
2022 10 29 19 0.7495 0.5865 0.9459 0.8232 
2022 10 29 20 0.7510 0.5864 0.9459 0.8233 
2022 10 29 21 0.7526 0.5863 0.9460 0.8235 
2022 10 29 22 0.7541 0.5863 0.9460 0.8236 
2022 10 29 23 0.7556 0.5862 0.9461 0.8237 
2022 10 30 0 0.7571 0.5861 0.9462 0.8238 
2022 10 30 1 0.7585 0.5861 0.9462 0.8239 
2022 10 30 2 0.7599 0.5860 0.9463 0.8240 
2022 10 30 3 0.7612 0.5859 0.9463 0.8242 
2022 10 30 4 0.7625 0.5858 0.9464 0.8243 
2022 10 30 5 0.7638 0.5857 0.9464 0.8244 
2022 10 30 6 0.7650 0.5857 0.9465 0.8245 
2022 10 30 7 0.7661 0.5856 0.9465 0.8246 
2022 10 30 8 0.7672 0.5855 0.9466 0.8247 
2022 10 30 9 0.7682 0.5854 0.9466 0.8248 
2022 10 30 10 0.7692 0.5853 0.9466 0.8250 
2022 10 30 11 0.7701 0.5851 0.9467 0.8251 
2022 10 30 12 0.7709 0.5850 0.9467 0.8252 
2022 10 30 13 0.7717 0.5849 0.9468 0.8253 
2022 10 30 14 0.7724 0.5848 0.9468 0.8254 
2022 10 30 15 0.7731 0.5847 0.9468 0.8255 
2022 10 30 16 0.7737 0.5845 0.9469 0.8256 
2022 10 30 17 0.7743 0.5844 0.9469 0.8257 
2022 10 30 18 0.7748 0.5843 0.9469 0.8258 
2022 10 30 19 0.7753 0.5841 0.9470 0.8260 
2022 10 30 20 0.7758 0.5840 0.9470 0.8261 
2022 10 30 21 0.7762 0.5838 0.9470 0.8262 
2022 10 30 22 0.7766 0.5837 0.9470 0.8263 
2022 10 30 23 0.7769 0.5835 0.9471 0.8264 
2022 10 31 0 0.7772 0.5834 0.9471 0.8265 
2022 10 31 1 0.7775 0.5832 0.9471 0.8266 
2022 10 31 2 0.7777 0.5831 0.9471 0.8267 
2022 10 31 3 0.7780 0.5829 0.9472 0.8268 
2022 10 31 4 0.7782 0.5828 0.9472 0.8269 
2022 10 31 5 0.7783 0.5826 0.9472 0.8270 
2022 10 31 6 0.7784 0.5824 0.9472 0.8271 
2022 10 31 7 0.7786 0.5823 0.9473 0.8272 
2022 10 31 8 0.7787 0.5821 0.9473 0.8273 
2022 10 31 9 0.7787 0.5819 0.9473 0.8274 
2022 10 31 10 0.7788 0.5818 0.9473 0.8275 
2022 10 31 11 0.7788 0.5816 0.9473 0.8276 
2022 10 31 12 0.7788 0.5814 0.9474 0.8278 
2022 10 31 13 0.7788 0.5813 0.9474 0.8279 
2022 10 31 14 0.7788 0.5811 0.9474 0.8280 
2022 10 31 15 0.7788 0.5809 0.9474 0.8281 
2022 10 31 16 0.7787 0.5807 0.9474 0.8282 
2022 10 31 17 0.7787 0.5806 0.9474 0.8283 
2022 10 31 18 0.7787 0.5804 0.9475 0.8284 
2022 10 31 19 0.7786 0.5802 0.9475 0.8285 
2022 10 31 20 0.7786 0.5800 0.9475 0.8286 
2022 10 31 21 0.7786 0.5798 0.9475 0.8287 
2022 10 31 22 0.7785 0.5797 0.9475 0.8288 
2022 10 31 23 0.7785 0.5795 0.9475 0.8289 
2022 11 1 0 0.7801 0.5755 0.9481 0.8315 
2022 11 2 0 0.8016 0.5733 0.9498 0.8357 
2022 11 3 0 0.8745 0.5755 0.9540 0.8431 
2022 11 4 0 0.9391 0.5777 0.9590 0.8524 
2022 11 5 0 0.9867 0.5787 0.9635 0.8614 
2022 11 6 0 1.0114 0.5778 0.9667 0.8684 
2022 11 7 0 1.0445 0.5785 0.9718 0.8778 
2022 11 8 0 1.0633 0.5782 0.9765 0.8860 
2022 11 9 0 1.0874 0.5791 0.9825 0.8957 
2022 11 10 0 1.0935 0.5782 0.9872 0.9033 
2022 11 11 0 1.0897 0.5762 0.9911 0.9096 
2022 11 12 0 1.0797 0.5733 0.9941 0.9148 
2022 11 13 0 1.0669 0.5698 0.9964 0.9191 
2022 11 14 0 1.0557 0.5660 0.9983 0.9228 
2022 11 15 0 1.0568 0.5630 1.0002 0.9262 
2022 11 16 0 1.0759 0.5615 1.0028 0.9299 
2022 11 17 0 1.1413 0.5639 1.0072 0.9333 
2022 11 18 0 1.1422 0.5619 1.0101 0.9363 
2022 11 19 0 1.1222 0.5581 1.0120 0.9391 
2022 11 20 0 1.1076 0.5545 1.0136 0.9417 
2022 11 21 0 1.0856 0.5499 1.0144 0.9442 
2022 11 22 0 1.0636 0.5450 1.0148 0.9465 
2022 11 23 0 1.0498 0.5404 1.0150 0.9488 
2022 11 24 0 1.0394 0.5361 1.0154 0.9515 
2022 11 25 0 1.0397 0.5331 1.0167 0.9563 
2022 11 26 0 1.0541 0.5316 1.0192 0.9626 
2022 11 27 0 1.0718 0.5306 1.0220 0.9689 
2022 11 28 0 1.0962 0.5314 1.0267 0.9786 
2022 11 29 0 1.0963 0.5298 1.0296 0.9858 
2022 11 30 0 1.0830 0.5265 1.0310 0.9910 
2022 12 1 0 1.0653 0.5224 1.0315 0.9953 
2022 12 2 0 1.0473 0.5178 1.0314 0.9991 
2022 12 3 0 1.0294 0.5130 1.0309 1.0026 
2022 12 4 0 1.0134 0.5079 1.0300 1.0057 
2022 12 5 0 0.9990 0.5027 1.0289 1.0085 
2022 12 6 0 0.9846 0.4975 1.0278 1.0112 
2022 12 7 0 0.9697 0.4922 1.0266 1.0138 
2022 12 8 0 0.9556 0.4871 1.0256 1.0164 
2022 12 9 0 0.9429 0.4821 1.0247 1.0191 
2022 12 10 0 0.9301 0.4770 1.0239 1.0217 
2022 12 11 0 0.9184 0.4721 1.0232 1.0244 
2022 12 12 0 0.9068 0.4672 1.0225 1.0270 
2022 12 13 0 0.8942 0.4622 1.0218 1.0294 
2022 12 14 0 0.8807 0.4571 1.0210 1.0317 
2022 12 15 0 0.8659 0.4519 1.0202 1.0338 
2022 12 16 0 0.8502 0.4466 1.0193 1.0357 
2022 12 17 0 0.8340 0.4412 1.0184 1.0374 
2022 12 18 0 0.8181 0.4359 1.0176 1.0391 
2022 12 19 0 0.8037 0.4306 1.0168 1.0406 
2022 12 20 0 0.7934 0.4256 1.0161 1.0420 
2022 12 21 0 0.7987 0.4215 1.0156 1.0432 
2022 12 22 0 0.8051 0.4175 1.0151 1.0443 
2022 12 23 0 0.8019 0.4129 1.0145 1.0452 
2022 12 24 0 0.7909 0.4077 1.0136 1.0460 
2022 12 25 0 0.7763 0.4022 1.0127 1.0468 
2022 12 26 0 0.7757 0.3979 1.0124 1.0481 
2022 12 27 0 0.7691 0.3932 1.0121 1.0496 
2022 12 28 0 0.7557 0.3880 1.0115 1.0507 
2022 12 29 0 0.7422 0.3827 1.0109 1.0517 
2022 12 30 0 0.7273 0.3773 1.0102 1.0526 
2022 12 31 0 0.7166 0.3725 1.0100 1.0542 
2023 1 1 0 0.6326 0.3341 1.0032 1.0582 
2023 1 8 0 0.8123 0.3052 0.9945 1.0717 
2023 1 15 0 0.9032 0.2671 0.9785 1.0739 
2023 1 22 0 0.9855 0.2278 0.9663 1.0740 
2023 1 29 0 1.0000 0.2332 0.9758 1.0677 
2023 2 5 0 1.0000 0.2387 0.9837 1.0629 
2023 2 12 0 1.0000 0.2449 0.9926 1.0596 
2023 2 19 0 1.0000 0.2524 1.0018 1.0583 
2023 2 26 0 1.0000 0.2623 1.0113 1.0573 
2023 3 5 0 0.7904 0.2674 1.0239 1.0567 
2023 3 12 0 0.5651 0.2712 1.0326 1.0574 
2023 3 19 0 0.3559 0.2770 1.0403 1.0622 
2023 3 26 0 0.3037 0.2903 1.0453 1.0685 
2023 4 2 0 0.5118 0.3058 1.0378 1.0704 
2023 4 9 0 0.5714 0.2964 1.0334 1.0852 
2023 4 16 0 0.6622 0.2792 1.0341 1.1106 
2023 4 23 0 0.8481 0.2715 1.0396 1.1425 
2023 4 30 0 0.8997 0.2493 1.0354 1.1532 
2023 5 7 0 1.0000 0.2723 1.0637 1.1676 
2023 5 14 0 1.0000 0.3541 1.1287 1.1554 
2023 5 21 0 1.0000 0.4181 1.1587 1.1597 
2023 5 28 0 1.0000 0.4465 1.1442 1.1688 
2023 6 4 0 1.0000 0.4564 1.1146 1.1731 
2023 6 11 0 1.0000 0.4601 1.0866 1.1688 
2023 6 18 0 1.0000 0.4647 1.0672 1.1597 
2023 6 25 0 1.0000 0.4678 1.0517 1.1487 
2023 7 2 0 1.0000 0.4722 1.0418 1.1384 
2023 7 9 0 1.0000 0.4801 1.0382 1.1308 
2023 7 16 0 1.0000 0.4686 1.0343 1.1364 
2023 7 23 0 0.8472 0.4279 1.0231 1.1317 
2023 7 30 0 0.7008 0.3862 1.0135 1.1221 
2023 8 6 0 0.5645 0.3455 1.0071 1.1133 
2023 8 13 0 0.4479 0.3075 1.0031 1.1098 
2023 8 20 0 0.3343 0.2708 1.0020 1.1094 
2023 8 27 0 0.2134 0.2335 1.0012 1.1084 
